0.08118192
-0.1278494
-0.2112043
-0.02028157
-0.1727945
-0.275502
0.4707365
-0.05401365
0.3894825
-0.4600221
-0.1324064
0.652176
0.2657152
-0.09302581
-0.1659993
-0.3889663
-0.5030911
0.6164763
-0.2618429
0.3738001
0.04757442
0.1594982
0.1697032
-0.1708027
-0.1727157
0.09706413
0.4064444
-0.5896497
-0.05951177
-0.2737521
0.1075851
0.1898417
0.06847387
-0.03835175
0.2188808
0.004742556
-0.053039
-0.3745289
-0.2145609
-0.1861284
-0.09428618
-0.08291748
-0.2775143
-0.08119092
-0.3166749
0.2909843
0.1559484
-0.2081339
-0.3016023
0.314782
-0.1291834
-0.008320055
0.2290972
0.1247744
-0.4733109
-0.1943927
-0.289984
-0.1314795
-0.0567448
-0.1617197
-0.6391488
0.04716394
0.1902785
0.1056525
0.1183472
-0.3881986
-0.4658638
-0.104208
-0.4467092
0.01301766
-0.410646
0.007062653
0.01867551
0.1053103
0.06510969
0.02614496
-0.05162725
-0.2576997
-0.006232139
-0.3683207
-0.3507287
-0.1959833
0.3641294
0.1977134
-0.3690772
0.3815364
-0.4367369
-0.2463693
-0.1465531
-0.4191833
0.2288915
-0.6485966
-0.5424346
-0.3394629
-0.2450733
-0.3728285
-0.3776782
0.2132837
-0.1148268
0.5982526
0.5486609
0.5822723
0.4320028
-0.1764868
0.03995591
0.03964018
-0.1649955
-0.06540446
0.1605723
0.2519104
0.08148556
-0.1710464
-0.02110024
-0.4482209
-0.6309818
0.04379773
-0.6748936
0.06138367
0.2214589
0.3840515
-0.3397132
0.2201465
-0.3214799
0.1481388
-0.3405832
-0.4157716
0.1199232
0.250135
-0.0658239
-0.2210415
-0.2162173
0.1765299
-0.2983373
0.4354176
-0.2862319
-0.4534541
0.2667772
-0.5799896
0.3978512
-0.543503
-0.06447822
-0.4654198
0.3452781
-0.2917726
0.2004811
0.7638699
0.7552326
0.3121393
0.3586541
-0.2126479
-0.6150706
-0.4598559
-0.4655534
0.2891176
0.4951046
0.01504995
0.1453923
0.08380555
-0.2036876
-0.03607579
0.05565545
0.3430821
-0.3412084
-0.1509033
-0.5024549
-0.2595138
-0.3522715
-0.5055311
-0.2358784
0.4511571
-0.106609
-0.1806997
0.3514562
0.1535459
0.05931324
-0.2626249
0.177565
-0.5096482
-0.08322759
-0.1265286
-0.3924275
-0.3927826
-0.5098256
0.1293792
0.2412637
-0.2404793
-0.009487197
-0.5932003
-0.2788967
0.3463346
0.3195933
-0.1148247
-0.1368036
0.0366048
0.08606587
-0.1094398
-0.2805595
-0.4239265
-0.02437072
-0.1947053
-0.04997743
-0.1628562
-0.2990239
-0.5379589
-0.3297045
-0.1920096
-0.1890613
0.01651557
-0.5324622
-0.1427633
-0.1464399
0.1157921
0.1110922
0.231347
0.2022711
0.02797704
0.09496556
-0.528408
-0.1452561
-0.5345734
-0.2552278
-0.252938
-0.4615835
-0.4535979
-0.2560276
-0.2473419
-0.3252795
0.2011171
-0.07934716
-0.5369637
-0.4452833
-0.5157312
-0.3260939
0.03845161
0.191616
-0.236958
-0.07145458
-0.3559963
-0.4806263
-0.01849028
0.07889664
-0.1446678
0.1036719
-0.1830907
-0.583002
-0.2973126
0.0542868
0.1139794
0.162773
-0.20592
-0.1359862
-0.2427602
-0.7216312
-0.1888846
-0.01942806
-0.2096375
-0.06089224
-0.04953179
-0.3185313
-0.4059164
0.04337702
-0.2620458
0.07955607
-0.2816185
-0.07357138
0.004404425
-0.5032884
-0.4402808
-0.3774091
0.2617999
-0.3941911
-0.2438264
-0.3934233
0.04792338
-0.1137174
-0.3589058
-0.4311367
0.1242236
-0.5399682
-0.07689706
-0.2131905
0.005608315
-0.3530645
-0.4167376
-0.2266592
-0.07063806
-0.4367676
-0.2095882
-0.5506496
0.02198796
-0.2752744
-0.5040165
-0.4302315
-0.08355227
0.13089
-0.4015327
-0.6874398
-0.2621626
-0.2129183
-0.3531211
-0.3303727
0.2817144
0.1560274
-0.4073249
-0.2894123
0.01090022
0.1531487
0.3879986
0.318415
0.2342437
0.0123493
0.524231
0.03563338
-0.4054839
0.4110011
0.3341756
-0.0916371
-0.2756424
-0.3158707
0.07501371
-0.1986451
-0.0432846
0.2383032
0.1256522
-0.3407019
0.2359232
-0.1782925
0.00193491
0.1229401
0.3497397
0.3346665
0.1405421
-0.3125869
0.3496873
0.68147
-0.003996923
0.2949715
0.2607196
0.4413628
0.3192123
-0.2089891
-0.2736859
-0.2651041
-0.5932259
-0.4768991
0.02045079
-0.1474406
-0.1710358
-0.01713506
-0.08723697
-0.05566348
0.00515654
-0.4641959
-0.3542195
-0.7008601
0.01954036
0.2711958
0.1488205
0.04438881
-0.2133299
-0.2623438
-0.3290222
0.3955172
-0.1111559
0.4839704
0.03811026
0.4895464
0.5117671
-0.1904489
-0.3997926
0.001063312
-0.1393969
-0.3265089
-0.09603771
-0.2161847
-0.5400548
0.04264326
-0.2287646
-0.3008613
-0.1423444
-0.4617638
0.121369
-0.6978265
0.110938
-0.3319019
-0.308112
-0.2793958
-0.2722273
-0.5329006
-0.1902498
-0.6012845
-0.1562582
-0.5687861
0.1890084
-0.3219278
0.08561187
-0.2505623
0.4267999
-0.4197623
-0.3006649
0.02618733
-0.3030057
-0.4839352
-0.4410604
-0.001021538
-0.5186039
-0.4603923
0.05718862
0.2251243
-0.2918615
0.5234188
0.2546855
-0.5321326
0.09094302
0.07400737
-0.08335039
-0.5397312
0.05386171
-0.1170345
-0.3338015
-0.3834605
-0.5199426
-0.2551179
-0.2671899
-0.1302663
-0.4473026
-0.3028575
-0.5260951
0.01053423
-0.1022088
-0.1820372
0.09924754
-0.235959
0.2243028
-0.0766528
-0.3231757
-0.4362084
0.1444166
-0.5968493
-0.3188053
-0.2181145
-0.395143
-0.2287831
-0.3464293
-0.2896457
-0.3714571
-0.1388937
-0.07710442
0.01861412
-0.1812102
-0.3407032
0.1102344
-0.3213633
-0.1759328
-0.3596814
-0.4121055
0.7472504
0.3729899
-0.1498845
-0.5309826
0.04491587
-0.1815235
0.07075956
-0.3261998
-0.451978
0.3390505
0.3153835
-0.09117577
-0.1256127
-0.6088699
-0.5738366
0.01709067
-0.272848
0.4450907
-0.1399783
0.1714219
0.210957
0.2439635
-0.2214484
-0.08845818
0.1080308
-0.320695
0.1986308
-0.5310178
-0.328225
-0.4416789
0.02257886
0.4334671
-0.260322
-0.5251041
0.01986213
0.1877177
-0.1958184
-0.07239523
0.2913319
-0.3318997
0.04804695
0.1946606
-0.1037157
0.2559764
0.227039
-0.2933419
0.251625
0.09193347
0.07301697
0.1169854
0.26352
0.3755473
0.3865882
0.2098054
-0.286289
0.2197551
0.3836562
-0.0746116
0.008821321
-0.1366113
0.3744073
0.001574049
0.009007797
-0.2483969
-0.4531063
-0.2824693
0.05093227
-0.08664821
-0.2231089
-0.04109449
-0.2707086
-0.2354031
-0.5997284
0.06717809
-0.1891098
-0.2946583
-0.2028144
-0.2855355
-0.4635744
-0.3673204
-0.2572249
0.3713804
-0.1679057
0.1700822
0.3471896
-0.06582316
0.3660066
0.44519
0.4580827
0.5300274
-0.4854107
-0.3432111
-0.3738734
0.3593186
0.4185805
-0.1383675
-0.2706736
0.0008057928
-0.1091134
0.2648243
0.6049076
-0.2909349
-0.3132333
-0.1664354
0.03521822
0.419337
0.05298333
0.1226567
-0.05120555
0.1783485
-0.3340562
-0.3128435
-0.1495412
0.09347531
-0.319931
-0.2538498
-0.06723896
0.03196013
0.1143987
0.09131743
0.1769126
-0.04533744
-0.1121188
-0.1353794
-0.2322419
-0.5542268
-0.4133287
-0.008012093
-0.4004042
0.01292784
0.09406955
-0.1153851
0.05503663
0.0466511
-0.2213517
-0.09045531
-0.3136357
-0.4771776
-0.1335339
-0.1875513
-0.04975607
-0.1967386
-0.1030214
-0.2062444
0.2471868
-0.3400366
-0.1108466
-0.2182522
0.1812533
-0.3385233
-0.2778883
-0.06924631
-0.2084381
-0.2213438
-0.1618669
0.1903685
0.072417
0.382841
0.3173758
-0.4282117
0.7271078
-0.3578851
-0.4108233
-0.4652131
0.2704907
0.264148
-0.3001776
-0.1891057
0.2384294
-0.2319488
-0.03071935
-0.03527308
0.01777226
-0.3636635
-0.3579027
-0.2045792
-0.3960745
-0.3459004
0.2498157
-0.3357412
-0.2596436
0.008177597
-0.3034659
-0.4178603
-0.3032184
-0.2301137
-0.3277968
-0.2530458
-0.5678228
-0.2267618
-0.5116891
-0.1796075
-0.3143426
-0.2146204
-0.2894299
-0.1760083
-0.01420649
-0.129491
-0.2300776
-0.5796724
-0.1973683
-0.07038298
0.02468024
-0.0727087
-0.1075801
0.3541701
0.1239122
-0.1945603
-0.176957
-0.2762163
-0.04002893
-0.3213237
-0.1598931
-0.08825415
0.02736996
0.3098147
-0.338083
0.1700233
-0.4685132
-0.3861661
-0.31668
-0.4288797
0.1273348
0.2591793
-0.4554997
-0.3912325
-0.3993488
0.2115221
-0.009719779
0.06166434
-0.1589209
0.3513151
0.1302047
0.04443429
-0.059452
-0.3692737
-0.3227833
0.2579716
0.7416793
0.04836274
0.1450517
-0.5030703
0.09835787
-0.05284765
0.113044
-0.1796851
0.7667491
0.1486474
-0.2411745
-0.3823388
-0.01103701
0.0932362
-0.5998775
-0.346845
-0.3132773
0.02068273
-0.01878632
0.1958374
-0.2981491
-0.2821623
-0.1580934
0.2729969
0.5478546
0.3129734
-0.06507557
0.1746865
-0.5402996
-0.4325935
-0.4194932
-0.2279818
-0.1453941
-0.1967086
-0.2580226
-0.3821753
0.1573645
0.06901937
-0.573948
-0.2133176
-0.2521054
0.3193206
-0.2164069
-0.3606538
0.7672402
-0.3407091
-0.05657964
-0.3820519
-0.1568821
-0.3314444
-0.2690371
0.007301019
0.0121212
-0.4052775
0.03933599
0.1700212
-0.0538043
0.100653
-0.09541546
-0.4084171
-0.3502774
-0.506409
-0.1906618
-0.2377026
-0.2469689
-0.5935706
-0.0438585
-0.3078894
-0.1710631
-0.05009298
-0.4040771
0.07553228
-0.5222092
0.007940754
-0.676253
-0.3186488
-0.5138502
-0.3274324
0.0021691
0.03661139
-0.2972582
-0.1151453
0.004985468
-0.08366513
-0.1954263
0.1222707
-0.03585537
-0.4203072
-0.3430198
-0.3342202
-0.462494
-0.1077792
-0.2264186
-0.145791
-0.2575403
0.04551448
-0.06833583
0.06541806
-0.4622049
-0.5205245
-0.5418521
-0.08213673
-0.4508824
-0.3910133
-0.1914329
-0.2826827
-0.2461444
0.4270265
-0.4266258
-0.783797
0.05568421
0.03368243
-0.2088284
-0.4979804
-0.1511108
-0.2435614
0.06553785
-0.2542953
-0.01480306
-0.2321177
-0.2040084
-0.09882665
-0.3510558
-0.2342847
-0.3537046
-0.1839239
-0.4179122
-0.1205063
-0.6807284
-0.2759886
-0.160474
-0.06640694
0.04047891
-0.3676305
-0.03249873
-0.0803285
-0.3190539
-0.09706209
-0.1460651
-0.1216652
0.3306691
-0.09149069
-0.3610981
-0.01605805
0.5026423
-0.7338106
0.07267779
0.2298917
0.196126
0.5266129
0.2777094
-0.5866178
-0.1876216
-0.05187651
-0.3662801
-0.08461284
0.4509108
-0.1093093
-0.0881322
-0.2153459
-0.7814023
-0.1616366
-0.2860868
0.1504448
-0.09971952
-0.3373491
-0.07992852
-0.02337965
-0.2491967
-0.1094767
0.1632455
-0.2394096
-0.2569615
-0.3065959
0.2702186
-0.07624643
0.08438111
0.02464586
-0.1318837
-0.02187314
-0.5287645
-0.3082792
0.3495092
-0.04960633
0.2266572
-0.24963
-0.4393741
0.431133
-0.03131904
-0.1136128
-0.1360018
0.2109346
0.01235635
-0.237238
-0.1344935
-0.3939255
-0.235345
-0.02181913
-0.2813781
-0.7634954
0.01734304
0.06134228
-0.3016553
-0.1451785
-0.1663598
-0.4165705
-0.2693404
-0.1964351
-0.2793266
-0.3996565
-0.3146372
-0.3446714
-0.2566521
-0.1862181
-0.1194439
-0.702182
0.3134688
-0.2953558
-0.1009197
0.0197565
0.4477397
-0.5202462
-0.03754622
0.004019349
0.2021241
-0.2630207
-0.2392871
-0.3907347
0.2810291
-0.1144734
-0.1129099
-0.1162596
-0.3821964
-0.2310326
-0.5086309
-0.3786311
-0.5806638
0.03571367
-0.3783805
0.1131241
0.3622106
0.3591035
0.0657291
0.2732804
-0.1207212
-0.003754551
0.4367334
0.5956217
-0.4023753
0.1005015
-0.4621933
-0.02582746
-0.2321797
-0.195388
-0.120618
-0.4422101
-0.425419
-0.2608707
-0.07655612
-0.4500814
-0.1721162
-0.01109392
-0.1445222
0.09229714
-0.2133635
-0.03254815
0.02300652
0.353097
-0.5713014
0.03412169
0.3199132
-0.4222328
-0.2126092
-0.2304374
-0.3690593
0.1882429
-0.1670924
-0.003890312
-0.357403
-0.1689312
-0.03400639
-0.1929933
-0.003291321
-0.2169238
-0.1277329
0.1984834
0.5130515
-0.3320099
-0.1441352
-0.04291286
-0.1800763
-0.2223433
-0.2506983
-0.09819117
-0.1012424
-0.55512
-0.3297788
0.03674349
0.1156412
0.05604256
-0.3025671
0.1359133
-0.33576
0.02314491
-0.169897
0.1011521
-0.1776066
-0.04127611
0.1127624
0.1389643
-0.1496645
-0.3422582
-0.2186778
-0.1723186
-0.413874
-0.273809
-0.4060758
0.4076358
-0.5404411
-0.3342043
-0.3778873
-0.333329
-0.2983485
-0.1668506
0.1653444
-0.4526872
-0.4663966
-0.3880458
-0.2624057
-0.5780409
-0.2728875
-0.5668514
-0.4976638
-0.4867013
0.03985598
-0.1167431
-0.1608431
-0.006706744
-0.1988717
-0.3398793
-0.4323147
-0.1967288
-0.2695237
0.2021088
0.007095241
-0.4486794
-0.1196585
0.2795035
-0.4482153
-0.05077138
-0.5483458
0.04871326
-0.3168282
-0.2178985
-0.2357247
-0.1352915
-0.3384929
-0.2966846
-0.4268135
-0.4018764
-0.462195
-0.204074
-0.3831742
-0.3460865
-0.3585975
-0.3006203
-0.2738799
-0.7610398
-0.7633221
0.3095843
0.01384339
-0.3663296
-0.1847759
-0.429648
-0.3301599
-0.6653707
-0.4591386
-0.0531001
-0.447869
-0.1662743
0.03854305
-0.5872033
-0.09886939
-0.4597468
-0.5164821
-0.08167478
-0.2673845
-0.1581274
-0.3990913
-0.1514804
-0.1679589
-0.2296744
-0.4424274
-0.4577909
-0.3821352
-0.4023064
0.06806854
-0.1567623
-0.5021835
-0.5844588
-0.1178541
-0.291854
-0.2012632
0.09760948
0.06766926
-0.5056022
-0.64026
0.2861467
0.1439227
0.02107554
-0.5135467
0.06473983
0.1023668
-0.3173078
-0.4741915
-0.4240853
-0.4471398
-0.4174887
-0.2180736
-0.1845575
-0.2162727
-0.02077459
0.3147072
-0.5427648
-0.570207
-0.2775841
-0.3452122
-0.3481009
-0.3996679
-0.4630253
0.03280957
-0.2581874
-0.3590171
0.28725
-0.4007912
0.04770505
-0.4418166
-0.1901062
-0.249391
-0.4783274
-0.3596169
-0.145347
-0.5220693
-0.3019238
-0.4070455
-0.09406842
-0.03798439
0.4207235
-0.5094589
0.02169382
0.1203096
-0.04396704
-0.4879061
-0.1084615
-0.199907
-0.4493655
-0.1423388
-0.2949408
-0.05150203
-0.2838442
-0.21202
-0.5302261
-0.2017349
-0.169249
-0.3821471
-0.3620735
-0.1386642
-0.6121538
-0.3174104
-0.4676331
0.192146
-0.09612693
0.3259104
0.08590492
-0.2645896
-0.4606012
-0.2947558
-0.3465378
-0.3544851
-0.1133742
0.02941418
0.008282343
-0.0521462
-0.1855545
0.03738973
-0.4761899
-0.6460772
0.1092054
-0.2086501
-0.04385507
-0.3271366
-0.008237533
-0.475195
-0.1131788
-0.1877352
-0.08150942
-0.2206095
-0.2762378
-0.02910421
-0.091208
0.4456189
-0.07951709
-0.02735645
0.3229826
-0.03041361
-0.2273511
-0.3910284
0.3464617
-0.3573822
-0.3739061
-0.3125332
-0.5637558
-0.247542
-0.08342115
-0.4669288
-0.08820427
0.1001821
0.3182965
0.05981615
-0.5874697
0.4509267
-0.1463007
0.3751413
-0.3053204
-0.07381039
0.1537055
-0.5382122
-0.08485497
-0.2522901
-0.3762316
-0.04848087
-0.4457247
-0.6499484
-0.3803219
-0.4312144
-0.1564182
0.6409996
0.8994007
-0.5621909
-0.3027422
-0.2802099
-0.2509259
-0.3340175
-0.08520213
-0.3197468
-0.4315201
-0.2411511
-0.1451042
-0.5395924
0.06465625
-0.3269896
0.05823621
-0.1181155
-0.03080307
-0.1247811
-0.2630387
-0.5372487
0.2584226
-0.2634398
-0.1790614
-0.2366664
-0.5754538
-0.3724273
-0.4569274
-0.32442
-0.4993
-0.3864697
0.347289
0.3440101
-0.08795941
0.6839425
0.5689356
-0.03837348
0.2466511
-0.23738
-0.2502332
-0.2725256
-0.4384159
-0.3103362
-0.4458689
0.2074996
-0.2558035
0.04413528
-0.4598445
-0.1047419
-0.2586169
-0.1347742
0.02832414
-0.1972062
-0.6413852
-0.3762531
0.4481201
-0.4822306
-0.2934666
-0.3471785
-0.2196958
-0.03100367
0.001563146
-0.435972
-0.1371336
-0.4386593
-0.286871
-0.4862285
-0.4584551
-0.461781
-0.007970968
-0.5926652
-0.4558296
0.1668477
-0.2031086
0.06338053
-0.00632293
0.06766926
-0.1349342
-0.2758021
-0.05568329
-0.2455071
-0.2147347
0.8257007
0.01403615
-0.6122493
0.417659
-0.07368499
-0.151207
-0.4633684
-0.3405278
-0.2612716
-0.3427477
-0.5394426
-0.1817866
-0.2126328
-0.5998727
-0.1873888
-0.3064168
-0.1779143
-0.347605
-0.5671746
-0.1336988
-0.0007248245
0.114416
-0.6289106
-0.1595631
-0.05103308
-0.3319142
-0.1199403
-0.2258033
0.1949281
-0.1712357
-0.1813821
-0.3411443
0.2011909
-0.4228409
0.05606056
0.1627766
0.4488073
0.4235383
-0.3343549
-0.1642479
-0.5607806
0.5598011
-0.2741508
-0.2270336
-0.1805473
-0.3139935
0.1650376
0.05383395
0.07057109
-0.4873443
-0.4786825
-0.09917837
-0.3781109
-0.2196991
-0.4655479
-0.3635535
-0.5300836
-0.1671582
-0.2569418
-0.1682904
-0.1066861
-0.1068697
0.5084587
0.0398301
0.1307539
0.2297674
-0.4047517
-0.05056439
-0.3330862
-0.302701
-0.03051547
-0.2166208
-0.1039637
0.4963266
-0.3213387
0.4742656
-0.3132088
-0.4355658
-0.09251862
0.01255545
-0.1209149
-0.06577208
-0.5372121
-0.2616825
0.3575232
-0.3602734
-0.2530343
-0.4132678
-0.3411392
-0.2977319
-0.2640345
-0.3870875
-0.1342248
-0.2997848
-0.3399851
-0.4918994
-0.1895586
-0.5064855
-0.2988097
-0.01105033
-0.1434253
0.2114921
-0.1000175
-0.0670701
0.208991
0.1078208
-0.2576623
-0.4007004
-0.2952694
-0.1351975
-0.1544592
-0.1008224
-0.159843
-0.170467
-0.3026351
0.03959875
-0.3207283
0.2947013
-0.1010376
-0.4275306
-0.2410973
-0.2689185
-0.05482046
0.05206483
-0.2321627
-0.4336043
-0.3444891
-0.08404525
0.08430413
-0.3582074
-0.147184
-0.2204747
-0.3630789
-0.2696467
-0.1050389
-0.07778221
-0.2405932
-0.3176819
-0.2770492
-0.3100434
-0.1376921
0.0397313
-0.4421976
-0.2592196
-0.2079126
-0.512234
-0.3373564
-0.3754912
-0.2007168
-0.3526506
0.02606058
-0.256587
-0.5150634
-0.5185507
-0.4001424
-0.2533232
-0.5732376
-0.3102902
-0.1757609
-0.1891459
0.02534639
-0.3829917
-0.3163536
0.4414141
-0.2849195
-0.2465075
-0.2811221
-0.3527994
-0.2761555
-0.4466025
0.3908385
-0.5147528
-0.5787342
0.2329724
0.1269391
-0.01295853
0.1336365
0.163608
0.04379516
0.09042612
0.004012205
0.4098232
-0.3285562
0.09838242
-0.2381218
-0.003648641
-0.07499729
-0.01586485
0.04113818
-0.01291344
-0.1240199
-0.2838445
-0.008547255
0.356938
-0.09147409
0.05059516
0.09451159
0.09433978
-0.04925703
0.04559746
-0.1684088
-0.4975686
0.08587214
-0.04069918
-0.4373711
-0.5567313
0.1129491
-0.510461
-0.4508788
-0.3434805
-0.1006899
0.05300836
-0.1668489
-0.2349507
-0.2127259
0.0753023
-0.1922778
0.2426348
-0.3565044
-0.5803232
-0.07324389
-0.5397048
-0.6099508
-0.5324413
-0.4685714
0.01081712
0.06582562
-0.05292611
-0.2775438
-0.4760791
-0.2025076
-0.4899389
0.07739981
-0.4373478
-0.1866028
0.04335157
0.363975
-0.5232074
-0.2017444
-0.5930272
-0.4061261
0.1562737
-0.01223723
-0.3623013
-0.6169635
-0.3942846
-0.2851698
-0.3050376
-0.3019202
-0.1724355
-0.2179469
0.09227928
-0.06732309
-0.1877216
-0.0719719
-0.2949282
-0.46918
-0.2980294
-0.1430757
-0.2012811
-0.02162892
-0.2795022
-0.4589475
-0.2037378
0.00596354
-0.3805543
0.3633118
-0.1939839
-0.3381955
-0.02635724
-0.1549812
0.1262783
0.3354699
-0.3171588
0.1740295
-0.01888496
-0.3119734
-0.3475416
-0.1076959
-0.0804075
-0.008381362
0.2933575
0.1093547
0.1046633
-0.2185074
-0.2662087
0.2250451
-0.2890941
-0.4267559
-0.3460011
-0.2564864
-0.04660126
-0.3449003
-0.6428618
-0.2293135
-0.007140217
-0.1084297
0.7372866
-0.03976676
0.1250522
-0.06337381
-0.3347377
-0.2679581
-0.1465575
-0.08923257
0.02930196
0.00137391
-0.1027863
-0.1720702
-0.2502355
-0.5061157
-0.08270137
-0.03482233
-0.2188644
-0.1729246
0.3695075
-0.02381621
-0.2149934
-0.06183926
-0.01153354
-0.1222026
-0.3791462
-0.4387472
-0.01530004
0.7907189
-0.3355159
0.08582491
-0.4182599
-0.3110742
-0.4095553
-0.1854893
-0.3750291
-0.05163742
-0.314811
-0.4662306
-0.6920238
-0.5014882
-0.3098239
0.39442
-0.1640405
-0.3888172
0.3470013
0.3050793
-0.05715277
-0.1901362
-0.2423335
0.07161757
0.07105952
-0.2909983
0.02065192
-0.4724045
-0.4586645
-0.3605841
-0.02028397
-0.6007411
-0.0373129
-0.01480916
-0.4509114
-0.4631185
-0.265469
-0.1784308
-0.2236595
-0.4215831
-0.2833299
-0.4956786
-0.335088
-0.2163784
0.443529
-0.3641325
-0.1302994
-0.4594411
-0.2512292
-0.4782663
-0.3537829
0.2914772
0.2233447
0.3237219
-0.004728926
0.1679657
0.2211881
0.2466892
0.3435862
0.2515691
0.1575914
0.3116949
0.1884482
0.07422753
0.1623205
-0.2562563
-0.3182144
-0.3609055
-0.07508077
-0.3585767
0.5653517
0.6168425
-0.145011
-0.2165949
-0.2784645
-0.3793846
-0.4456103
-0.04391828
-0.344005
-0.3342943
-0.09513931
-0.09122341
0.02654057
-0.02017404
-0.2854269
0.19146
-0.3262377
-0.2144512
-0.07996584
0.2017441
-0.1510188
-0.2962125
0.197444
-0.2676975
-0.5732103
-0.266225
0.5339516
-0.6284105
-0.08462969
-0.3125926
-0.3920275
-0.2325406
0.06308314
0.2078364
-0.3822892
-0.03719026
0.319944
-0.0558991
-0.28572
-0.1823979
0.4650943
0.1915186
0.06478586
-0.333702
0.1256302
0.1770107
-0.4541863
-0.1939057
-0.3553006
-0.1211115
-0.03520491
0.02469158
-0.2307283
-0.2176615
-0.3432941
-0.004012889
-0.3212526
-0.2264999
0.1726572
0.3165904
-0.1558912
-0.6410302
-0.08453271
-0.2666712
0.3931015
-0.5789383
0.4066902
-0.6778092
-0.2376998
-0.1164327
-0.01232597
-0.4233898
-0.05776119
-0.27625
0.07901153
0.05004815
-0.2535879
0.1448246
0.4918956
0.3128172
0.4892889
-0.4043867
-0.2526202
0.1230491
0.06929234
-0.08642625
0.2477421
-0.0533458
-0.4457286
-0.1699849
-0.09945334
-0.1899157
0.2829941
-0.1630244
-0.3513413
-0.2357108
-0.2125174
-0.159712
-0.4896192
-0.304168
0.05135481
0.1959536
0.2023697
-0.1080392
-0.06132263
-0.2561605
-0.1138375
0.2435837
-0.1722848
-0.05859835
0.0986149
-0.3174238
0.375905
-0.3029189
-0.110367
0.1812413
-0.5861023
-0.4085376
0.2189617
-0.1484937
-0.05704896
-0.4579429
-0.01168578
-0.07514274
-0.2867293
-0.0200298
-0.0576802
-0.04571027
-0.273498
-0.04828128
-0.1982437
-0.6246393
-0.1549805
0.3746059
0.3152124
-0.07844073
-0.4572373
0.1190981
-0.2982175
-0.438062
-0.2578668
-0.2253629
-0.1665072
-0.2264465
-0.1918956
-0.2161211
-0.5000915
-0.2009583
-0.4760385
-0.4828714
-0.1372251
-0.1566468
-0.2149396
-0.2994237
0.02261256
0.4213801
0.1734312
-0.1082102
-0.07356078
-0.2916931
-0.518739
-0.1127934
0.4732862
0.5432532
-0.2462256
-0.2987397
0.1733569
0.1385573
0.0757102
0.2066363
0.1749456
-0.06841054
0.2324587
0.4527157
-0.4172404
-0.1130297
-0.3138575
-0.2992504
0.1358975
-0.19204
0.2606539
0.1805409
-0.1519423
0.0711194
0.3555944
0.4476683
0.2086649
-0.019921
0.5174089
-0.2168231
-0.5211967
-0.1929326
-0.5606653
-0.06670277
0.004114684
-0.1530357
-0.3536242
-0.3001582
-0.368403
-0.4753582
-0.4046551
-0.04845929
-0.1493743
-0.2126024
-0.1278578
-0.4519029
0.5893919
0.1766565
-0.1268585
-0.1634368
-0.2719609
-0.3920711
0.2625611
-0.2261037
-0.3367635
-0.2977636
-0.3353197
-0.3503222
-0.2096882
-0.3637844
0.1384669
-0.1922394
0.2598031
-0.1576101
-0.05124706
0.310553
-0.3304688
-0.2324651
-0.1740405
-0.352846
-0.3665919
0.1359264
-0.7137271
-0.4382737
0.5889874
-0.3339578
0.1984893
-0.2716272
-0.3981216
-0.3555478
-0.05847809
-0.5267632
0.13228
-0.2486254
0.01887982
-0.08004906
-0.08604937
-0.109017
-0.2233526
-0.1706966
-0.02255591
0.6109058
-0.4865063
0.01344333
0.5764591
0.2252661
-0.1787923
-0.07005818
0.311275
-0.2378235
-0.02962152
-0.01431015
-0.4267717
-0.5072348
-0.02709076
-0.5301734
-0.328766
-0.4998795
-0.3053872
-0.1766468
-0.531997
-0.1325371
-0.05107815
-0.1027582
0.02533995
-0.3157577
0.1267593
0.0601858
-0.4255802
-0.5436048
-0.1991007
-0.1188561
-0.4853881
0.2065617
-0.1182406
-0.237172
0.01674036
-0.2329158
-0.1167739
-0.2280066
-0.6046471
0.03002249
0.1254944
-0.2053973
-0.2877888
-0.1428124
0.132035
-0.1467925
0.0940049
0.03209365
-0.3767244
0.1660871
0.3289448
-0.1568792
0.493911
-0.1855252
0.08631147
-0.08371835
0.03039006
-0.07702688
0.01644325
-0.4573837
-0.2498137
0.0238259
-0.5009701
0.1047346
-0.3371011
-0.1731994
0.2258377
-0.3319257
-0.08843226
-0.02893712
-0.03204195
-0.2386839
0.03655202
0.1086275
0.3707066
0.2114266
0.1774852
-0.05064512
-0.1145599
-0.3406311
0.2019487
-0.12792
-0.01021415
0.07790611
-0.06302837
-0.1093932
0.06266419
-0.5821166
-0.2315963
-0.06127188
-0.3966199
-0.4770073
-0.3448047
-0.007677758
-0.09265612
-0.5010886
-0.3419749
-0.1971383
-0.2228776
-0.3764504
-0.3301329
-0.2923976
-0.4117807
0.07577642
0.1425643
-0.05955113
0.1609425
0.09511604
-0.1741427
-0.2611694
-0.1206874
-0.3882256
-0.4135622
-0.473689
-0.3243151
0.2359928
-0.2583579
-0.3144584
-0.2738788
0.848598
0.3215521
-0.09221602
-0.3243459
0.02996918
-0.5200282
-0.2093395
0.1036736
-0.1716817
0.01730538
-0.2728201
-0.3580447
-0.272696
-0.5743431
-0.038212
0.05727843
0.565634
0.2822266
-0.5278668
-0.006400311
-0.4189831
-0.3467566
0.2034746
-0.4275224
-0.4824427
-0.3590489
-0.09534847
-0.008662067
-0.64877
0.186441
-0.3208735
-0.3739124
-0.1742284
0.1164505
-0.08694536
-0.163897
-0.4308038
-0.1522518
-0.1376784
-0.1440016
-0.5089654
-0.437442
-0.186531
-0.6204195
0.1678483
0.09833095
-0.3381853
-0.4032202
-0.0362828
-0.08875919
-0.2301833
-0.1196948
-0.1504865
-0.1861327
-0.5082902
-0.5261636
0.006687821
-0.1265246
-0.1293241
-0.3342041
-0.1975975
-0.2125839
-0.4699318
0.3172662
0.2131632
0.4349376
-0.2507629
0.07616989
-0.4678181
0.05270762
-0.06034983
-0.1312573
0.1384819
-0.3819761
-0.1342627
0.007606855
-0.5105898
-0.3474712
-0.4270569
-0.4319414
0.4630945
0.2573551
-0.152869
0.006902265
-0.3602252
0.1193657
-0.5030167
-0.03333722
0.07777196
-0.2907413
-0.03014677
0.1761006
-0.5846941
0.2981487
0.3192896
0.1071162
-0.1785723
-0.2044023
0.1329468
0.1018423
-0.5249975
0.1760647
0.1714905
-0.2343456
0.1203384
-0.35606
0.07541568
-0.1860533
-0.1864398
-0.2815427
0.06104754
0.7460496
0.7093192
-0.3477672
-0.5733551
-0.4844568
-0.394778
-0.3245602
-0.2209902
0.6175211
-0.2840912
0.3138494
0.2780525
0.5085082
0.200342
-0.006580562
0.06069032
-0.09228816
0.1757695
-0.03031946
0.03059696
-0.7609565
-0.09127665
-0.03125892
-0.2420533
0.2711856
-0.1211887
0.3238071
-0.02178804
0.2155765
0.01465977
-0.4371239
-0.07211864
-0.1215322
0.2628544
-0.3122646
-0.2568625
-0.6430107
0.1154346
-0.179642
0.07319134
-0.02495527
-0.2877432
-0.3710594
-0.08308455
-0.3388327
-0.3323787
-0.4422343
-0.3655923
-0.1865524
0.141182
-0.01550117
0.01334126
-0.3536087
-0.1474094
-0.3199704
0.369892
0.1721899
0.1639394
0.2577772
-0.3076454
-0.1137794
-0.1308477
-0.08830584
0.1015034
-0.3032309
-0.2660636
-0.4649255
0.256464
-0.1445634
0.1528403
-0.1055445
-0.0786563
0.1743097
-0.3096716
-0.1277569
0.2088957
-0.2971129
-0.5186781
0.1733975
0.2418556
0.1765674
-0.06740912
-0.101799
-0.5241335
-0.5337019
0.1141772
0.2168133
0.06542368
-0.4611243
-0.5262991
0.2347402
-0.304223
0.3345098
-0.1369107
0.07219743
-0.1970341
-0.006728151
0.03079174
-0.1471197
-0.1679354
-0.1486668
-0.4068377
-0.5663271
-0.1763326
0.1005833
-0.1251964
-0.02315641
0.7160345
-0.4422189
0.4416174
-0.3619283
-0.08455224
-0.04849386
-0.2949649
-0.1540823
-0.1613883
-0.1115733
0.1575096
-0.2702929
0.03261369
-0.0236695
0.01163466
-0.3126096
-0.4860953
0.06565173
-0.2340134
-0.2282415
-0.1432785
-0.004939927
0.189561
-0.4394392
0.1765
0.4495454
0.3698475
0.170279
-0.4325405
-0.376811
-0.1603184
0.0540342
-0.2488423
-0.186332
0.1437549
0.007537627
-0.07632949
-0.4467685
-0.5468563
-0.2553969
-0.2349213
-0.1671173
-0.240888
-0.05532498
0.1812628
-0.2852891
0.2715513
-0.02144944
-0.1979727
0.1670055
0.07223995
0.04926217
-0.176184
-0.1444622
0.06868194
-0.1744877
0.1513728
-0.1094277
0.04220272
-0.2451993
-0.1692362
-0.375262
-0.1245686
-0.004607862
-0.4167644
-0.3149613
0.03813812
-0.2645482
-0.5941559
-0.2435936
-0.2029002
-0.3877806
-0.08835961
-0.2245053
-0.06566531
0.04227214
-0.2498496
-0.005337419
0.5153998
-0.4980817
0.6153234
0.5905561
0.1351594
0.3829411
0.4962065
0.392985
0.04598131
0.2847632
0.2185003
0.2293996
-0.122582
0.3955131
-0.1699539
0.0407952
0.2342436
-0.4535556
0.2701272
-0.4985379
0.593991
0.479075
0.05903178
0.2238437
-0.1109874
-0.2061151
0.2007657
-0.01757492
-0.3482112
-0.3406231
-0.4358217
-0.1657382
-0.1142208
0.2039677
0.1940201
-0.06097622
-0.190444
-0.08590834
-0.001183367
-0.1858934
-0.3296059
-0.4368623
-0.1548691
-0.0848676
-0.1347631
0.2478964
0.3076362
-0.3303944
-0.2555525
-0.08347419
0.1360642
0.09825225
0.128123
-0.4144952
0.004075443
0.3510336
0.7806724
0.5503709
-0.5342485
0.2222584
-0.1766668
0.02368235
0.419908
-0.05775843
0.3801278
-0.4501686
-0.2879931
-0.05051198
-0.3672705
-0.3429865
0.16701
-0.1214509
0.006995091
-0.2636637
-0.2234278
0.08479278
0.4279214
-0.3254949
-0.04736716
0.3885757
0.4128993
-0.06610332
-0.1027235
0.2128524
-0.3671082
0.2979017
-0.2594642
-0.1818166
-0.1610403
-0.1428572
-0.4295369
-0.2497265
-0.2952859
-0.4533423
-0.3353883
-0.1216244
-0.007055204
-0.3057397
-0.1556615
-0.3111989
0.4049742
0.2374812
0.4382625
0.4614576
0.2235622
0.1527093
0.09171503
0.6500977
0.3970314
0.468418
0.5341647
0.5414436
0.4503673
0.3713642
0.4916576
0.4224204
0.3861501
0.5794791
0.3895432
0.5274059
0.7218438
0.4441967
0.2520039
0.6390591
0.5637692
0.6913233
0.693549
0.4141182
-0.2276727
-0.5167607
-0.4164685
-0.4076781
-0.5429755
-0.5111237
-0.4639432
-0.1788556
0.1916001
0.8021376
0.7009722
0.3912059
0.6292868
-0.2986942
-0.5018134
-0.02151976
0.4237483
-0.104471
0.5640968
-0.3581136
-0.3753311
-0.3799742
0.143461
-0.2179658
-0.3393533
-0.1089826
-0.1710472
0.2916244
-0.4421424
-0.03637862
-0.3386941
-0.21085
0.2625142
0.1287852
0.4284332
0.166906
0.2147897
-0.07247165
0.4194881
-0.04230243
0.2222217
-0.1590344
-0.01557361
-0.249094
-0.2688641
-0.04722964
-0.06813067
-0.1693102
-0.1903549
-0.1486567
-0.22417
-0.5433094
0.271333
-0.128563
0.01886743
-0.2516877
0.1268669
-0.265771
-0.005598849
-0.6870005
-0.4620131
-0.6801213
-0.5072989
0.09639626
-0.3102793
-0.1673449
-0.2196927
-0.2206685
0.2138668
-0.6626687
0.4118811
-0.1768348
0.2443493
-0.01950746
0.22049
-0.01790472
0.2304608
-0.3006313
-0.5452883
-0.4547933
-0.6930908
0.2202804
0.3480968
-0.1691976
0.1833369
-0.114511
-0.4982099
-0.1190251
-0.1816645
-0.2656711
-0.0491427
0.06815139
0.139612
-0.1626885
0.1284358
-0.3121961
0.08563315
0.0190716
-0.3540782
0.1289696
-0.05519772
-0.0618466
0.1626858
-0.04234605
-0.5550865
-0.508996
-0.04217197
-0.6076042
-0.2028611
-0.02461123
-0.04235016
0.07700216
0.09174168
-0.138419
0.01403524
-0.03560072
0.121031
0.1095166
-0.218599
0.2317637
0.3566846
-0.07357676
-0.02843308
0.1144795
-0.3075124
-0.1397765
-0.4012048
0.06662703
-0.1002123
-0.08747507
3.490332e-05
-0.04258176
-0.4879982
-0.5138166
-0.1555379
0.1131069
0.07656898
0.0006029706
-0.1537352
-0.1041838
0.0127638
-0.3142807
-0.3237845
-0.1761896
-0.2116476
-0.1089225
0.1500039
-0.4496138
0.3667978
-0.1346628
-0.2419697
0.3016528
0.2328567
0.2184886
-0.1409931
-0.2872172
-0.06606238
-0.02048341
-0.3298233
0.2601322
-0.3409016
-0.3202722
-0.01223972
0.3163522
-0.3510391
0.006069616
-0.2669659
-0.1120856
-0.001656315
-0.3523169
-0.5004904
0.1592124
-0.1627219
0.08731388
-0.01901751
-0.114634
-0.193841
0.0561193
0.04334884
-0.4537212
-0.2170051
-0.1125456
-0.03139335
-0.338898
0.07695278
0.01083061
0.2071005
-0.02798815
0.3448546
0.06684529
0.09879665
-0.576816
-0.4257854
-0.5326105
-0.1990609
0.3645838
-0.2556558
-0.003938457
0.7377914
0.424218
0.3790022
-0.2573307
-0.5045653
-0.4426215
0.03385967
-0.5759282
-0.2016273
-0.5890109
-0.3922766
-0.06699384
-0.5057341
-0.3064469
0.03931519
-0.1979424
0.06917821
-0.01130704
-0.1192417
-0.1704754
-0.216008
-0.2945204
-0.5198677
-0.4143027
-0.4313919
-0.07207959
0.1378381
-0.0546984
-0.3841853
-0.26134
-0.3009521
-0.4282355
-0.2854489
0.4581549
0.2555928
-0.202345
0.1446912
0.03660668
-0.3862114
0.06337328
-0.1755915
0.06135424
-0.06543034
0.4043481
0.005141661
0.1195302
0.4782583
0.007166375
-0.04835067
0.185219
0.1631029
0.3685241
-0.154485
-0.05762387
-0.2663479
-0.4193487
0.6348309
0.4867245
-0.2494163
0.1814441
0.06740116
-0.06417186
0.2021264
-0.1704351
-0.566861
-0.0789641
0.4214619
0.07872299
-0.03916913
-0.01938482
0.001951546
0.1463754
-0.225207
-0.01844483
-0.04664928
-0.599802
-0.35529
-0.4583298
-0.5656027
-0.2555839
0.2235421
-0.4219941
-0.2303571
-0.07278999
0.01771266
-0.04262003
-0.1786246
0.1345894
-0.3462894
-0.4867022
-0.3235672
-0.4536951
-0.1774261
-0.169275
-0.102129
-0.504657
-0.1583691
0.08095484
0.2428692
-0.5086622
-0.3465747
-0.2683522
0.07528393
0.02688147
-0.3475012
-0.5193733
-0.2665336
0.1204689
-0.4156047
0.4170747
-0.4178577
0.2046763
-0.0415384
0.6133793
-0.3729264
0.4299875
-0.03134489
0.2281477
-0.2534707
-0.385495
-0.2694151
-0.4673266
0.04128529
0.2400243
0.07712796
-0.1629636
-0.1425409
-0.1041322
-0.5700283
-0.4346003
0.2468418
0.3632393
0.2348158
0.235849
0.4611844
0.3492048
0.2172032
0.2908409
0.5908194
0.2352701
0.6153084
0.03987881
0.3001117
0.4908496
0.2006861
-0.4330861
-0.1420286
0.1601066
0.01088111
-0.1367207
0.1655353
-0.3487849
-0.1873884
-0.2779524
-0.2676814
0.006798313
0.01528889
0.2536212
-0.05432796
-0.1856382
-0.5463186
0.05154837
-0.3578955
0.2754507
0.2729948
0.118614
-0.1881429
0.4249878
0.2440661
-0.04932406
-0.1463043
0.08355584
0.4185721
0.3976397
-0.1640688
-0.2798056
-0.241467
-0.04600072
0.05633713
0.1381477
-0.517162
0.09546681
-0.3790872
-0.3932011
-0.01394631
0.009024704
-0.0625327
-0.3057343
0.1118427
0.006407707
-0.02676315
-0.6051749
-0.122327
0.06502173
0.2240634
0.1049407
-0.2088569
-0.2398494
-0.08032784
-0.2024724
0.08543988
-0.5292074
0.1939952
-0.2781736
-0.3380824
0.03074436
-0.05020503
-0.2051865
-0.402735
-0.3032603
0.006522448
0.00199043
-0.5283574
0.1706177
-0.1220978
0.3931129
-0.1310592
0.03424196
-0.06419394
-0.3033089
-0.05243897
-0.1510369
0.05010265
-0.3257023
-0.2491212
-0.1157148
-0.1687639
0.09415335
0.2513966
0.2704603
-0.4241357
-0.2005589
-0.2259649
0.003574246
-0.4709886
0.3729875
0.05962361
0.04022754
0.008104255
0.05630305
-0.1368363
-0.262449
0.5212788
0.5673486
-0.4803983
-0.3475229
-0.484562
0.04383868
0.09585741
0.1111802
0.0511207
-0.08344808
-0.2956294
-0.4676182
-0.2566171
-0.2789327
-0.2872308
-0.3979201
0.08634182
0.01182909
0.1667791
0.2305576
-0.4347722
-0.5374768
-0.2108737
0.02200421
-0.02797937
-0.0294836
-0.0001161384
-0.04692311
-0.2525476
-0.6007045
-0.4400067
-0.2042206
0.5785579
-0.3909979
-0.5261282
0.0273506
-0.0008828028
-0.6948786
0.5817023
0.1175066
-0.4638137
0.7112832
-0.3621973
-0.534168
0.209132
0.2681803
-0.03907724
0.07129277
0.006238966
-0.2345029
0.4350533
0.20067
-0.177423
-0.3093696
-0.096169
0.6494266
-0.0125056
0.08128523
-0.1204407
0.1417859
0.02929855
0.3389585
-0.2635479
-0.3079499
0.2527349
-0.07130122
0.1017151
0.1534081
0.1280634
-0.03789159
-0.3489145
-0.3372834
-0.2347614
0.1011246
0.1930085
-0.2591632
-0.1340432
-0.1304024
0.08280577
0.03604316
0.0219322
-0.318616
0.1560965
-0.07222596
-0.2409816
-0.402352
0.7670448
0.04720689
0.4270172
0.709582
0.7526994
0.5407282
0.9347573
0.5675468
0.6412377
-0.3800213
-0.2353448
-0.1937884
-0.3626027
-0.3719274
0.02883569
-0.3214901
-0.3967507
0.06967807
-0.3027535
-0.192553
0.580941
-0.3328336
-0.3827399
-0.3875786
-0.2269393
0.2449646
0.3167847
-0.4889095
-0.1637727
-0.01636041
0.2691265
-0.1825103
-0.3875034
0.1537418
-0.1501842
0.183546
-0.130532
-0.320953
0.08538431
0.4123358
-0.166494
-0.09288573
-0.3493512
-0.1022545
-0.1179577
0.09888225
0.1599767
0.007454339
0.3582075
0.1030737
0.4220588
-0.03629613
-0.4714314
-0.4681765
0.1179414
-0.1982256
0.0435734
-0.2242214
-0.00730348
-0.2151099
-0.113974
-0.1783343
-0.2818598
0.1310371
-0.08579087
-0.2552123
-0.248559
-0.3130235
-0.09367861
0.1380261
0.4569545
-0.182886
-0.1801215
-0.4654869
0.2492173
-0.01011911
0.192286
-0.417095
0.1552685
0.1270533
-0.07423401
-0.1142205
-0.03719433
-0.3908056
-0.3997181
-0.3799911
0.1147244
-0.1934974
0.2390083
-0.3693499
-0.3763261
-0.0453083
0.191157
-0.3895661
-0.04768868
0.009004017
-0.4234503
-0.08255491
-0.3957037
-0.1914035
0.1054675
-0.1865017
0.1183566
0.1616952
-0.08445945
0.03395067
0.1214773
0.08478668
0.1072673
0.06190489
0.07737444
0.1207099
-0.3891963
0.4200941
-0.6801952
-0.4622287
-0.06332876
-0.1463204
-0.4902187
-0.268093
-0.1791279
-0.0854532
0.182948
-0.2252459
-0.1572604
-0.3538145
-0.45455
0.3244415
0.2092346
-0.2203684
-0.4378525
-0.1610099
0.08917916
-0.2724794
0.4330504
0.3587313
-0.1398122
-0.3212602
-0.2262496
0.453865
0.534222
-0.3225951
-0.5756071
0.2704963
0.7795022
0.01289738
-0.2483404
-0.2477533
0.572474
0.1525394
0.01675101
-0.2250024
-0.1296177
0.3595018
0.08320518
0.3889661
0.4130746
-0.2011048
-0.3754468
-0.4519366
-0.2963196
-0.09098822
0.2176461
0.09226018
0.03677821
-0.406809
-0.2935006
-0.4469889
-0.2285055
-0.1974191
-0.5741574
0.1564882
-0.09709579
0.2218529
0.3651092
-0.3346867
0.5420785
0.2127325
0.1296325
-0.1210457
-0.2774081
-0.1425494
-0.5352194
-0.586186
-0.1297208
0.2959016
0.2612575
0.1607884
0.3262733
0.3262258
0.09826206
0.03636811
0.5638795
0.5270799
0.7417637
-0.4431587
0.4117742
-0.1097505
0.2479097
-0.3432874
0.003809656
-0.3115257
-0.1873264
0.0667998
-0.2421191
-0.1071513
0.1219283
-0.252517
-0.05396634
-0.03582078
-0.4813049
-0.5635485
0.6140883
-0.07058472
-0.2384744
-0.3442839
-0.4439322
0.236912
0.1150342
0.07697555
-0.01172731
-0.03735579
0.3109713
-0.1859435
-0.03449229
-0.1963682
-0.2048571
0.5130841
-0.06551437
0.1522158
-0.3425299
-0.2821526
-0.02526951
0.1357362
-0.374131
0.4984249
-0.154391
0.1182556
-0.04345753
0.1299974
-0.5076101
-0.2172603
-0.101254
-0.1670741
-0.2734779
-0.1413442
-0.03148946
0.1925275
-0.1087914
-0.1538647
-0.3030264
-0.4018249
-0.03853307
-0.4463825
-0.4336834
-0.3711907
-0.3820577
-0.1435538
-0.0930525
-0.454501
-0.2596117
-0.600249
-0.1286245
0.08157323
-0.5014377
0.191101
0.5352475
0.3326501
-0.1168675
-0.2352345
0.09550977
-0.2615877
-0.3085516
-0.4633444
-0.3586808
-0.007571621
-0.4279371
-0.3110988
-0.3414366
-0.5635222
-0.1759274
0.2051856
0.05881949
-0.3451808
0.129835
-0.02816582
0.4205467
-0.0474692
-0.07162725
-0.3910281
-0.3742516
0.03929903
-0.03072258
0.0369968
-0.2247574
-0.3801253
-0.5051397
-0.3001872
-0.5653936
-0.02162883
-0.3532723
-0.2826649
-0.01826211
0.3743511
0.2605982
-0.2113731
-0.4625795
-0.2463158
-0.3058893
-0.04138998
0.5260461
0.2683114
0.4704796
0.5660763
-0.4577903
-0.1141314
-0.07631246
0.08553975
-0.02567018
-0.06128224
0.401415
-0.2387999
-0.3040474
-0.232685
-0.1620976
0.02346567
-0.246181
-0.5637105
-0.4149414
-0.5717054
0.3351636
-0.6679044
-0.2828846
-0.07105974
-0.2443668
-0.3348103
-0.2143579
-0.2614226
-0.1332734
0.05190171
-0.1300612
-0.4180645
0.2586154
0.2556557
0.2188226
0.08391188
-0.0112777
-0.08561686
-0.3423988
-0.184109
-0.4041307
-0.3658777
-0.2385562
0.225361
-0.233286
-0.06462196
0.4248878
0.1069866
-0.2385582
-0.04339941
0.09123542
-0.02503147
-0.03701329
-0.262472
-0.1011827
0.1542904
-0.2054541
0.2664569
0.3130125
0.2089114
0.143343
0.08378667
-0.06208447
0.003554181
0.2734417
-0.08060312
-0.1995437
-0.09849408
-0.1190882
0.2128129
-0.09098519
-0.2706631
0.2123224
-0.414273
-0.1133453
-0.2972085
0.1615671
6.734435e-05
-0.0734456
-0.1396788
-0.2338154
-0.4657247
0.04714396
0.1448947
-0.1880844
-0.2007774
-0.1995267
-0.1491552
-0.2756331
-0.2283128
-0.180224
-0.1515469
-0.2212184
-0.352845
0.484435
0.1610172
-0.02205261
-0.3702517
-0.1182253
-0.1383139
0.07982313
0.06070208
0.1758403
0.4338918
0.4576353
0.4268391
-0.0787136
-0.0701949
-0.2346114
-0.0159759
-0.03970731
-0.2148671
-0.01406896
-0.3219539
-0.2904493
0.08915284
0.3289616
-0.02195691
0.06125827
0.428299
0.05461691
-0.4112166
-0.07119853
-0.145432
-0.436149
-0.3063025
0.1121261
-0.2024518
-0.2137074
-0.2949626
-0.2615942
-0.1538392
-0.06330732
-0.3065885
0.05963174
-0.0975372
-0.1886494
0.03319856
-0.01707775
0.1364696
0.4327365
0.3353419
0.04796295
-0.5229183
-0.3327286
-0.0914538
-0.2774103
-0.1820399
-0.3951523
-0.2582155
-0.1908253
-0.2555215
0.09093711
-0.3020581
-0.1517638
-0.4706764
-0.4901504
-0.3263578
-0.1199651
-0.2319655
-0.3389001
-0.27524
-0.1472316
0.05055326
-0.2811505
-0.09935846
0.04460188
-0.0644426
-0.408659
-0.02562753
-0.1588263
-0.3349017
-0.3836515
-0.1136546
-0.03268119
-0.3495309
-0.2680598
-0.3405517
-0.1117146
0.0006688665
-0.257405
0.3251488
-0.05814795
-0.3667294
0.07094237
-0.04109351
0.1279498
-0.3216538
-0.1553053
0.0492181
-0.1878917
0.1578267
0.1416053
-0.2406359
-0.4397101
-0.1442944
-0.3673321
-0.1495735
-0.141572
-0.206595
-0.1099629
-0.2346405
-0.1914503
0.0636501
-0.229751
0.4329605
0.397614
0.4211954
0.1887761
0.1482771
0.1222946
-0.02171166
0.1390862
-0.1299453
-0.2192131
-0.2133316
0.1640517
-0.1049537
-0.0538091
0.3478183
0.3957657
0.1392113
-0.1343907
0.08099444
0.1108604
0.2408338
0.2092379
0.117928
-0.1307254
-0.1033861
-0.103342
0.1743323
0.03301555
-0.05260558
-0.2325566
-0.1058129
0.01643709
-0.4092649
-0.0242528
0.06440161
-0.2221983
-0.1757065
0.07866879
-0.2619601
-0.03528909
-0.1522682
0.1058902
-0.2720744
-0.185721
-0.4183148
-0.0256201
-0.09694747
-0.1145076
-0.4108254
0.02139497
-0.4098163
-0.2941971
-0.3023242
-0.223072
-0.3812384
-0.3593247
0.06868505
-0.4828086
0.09416855
-0.1195028
0.2440009
0.2547454
-0.1665957
-0.05334988
0.3040267
-0.005401269
0.2187923
0.1868722
0.3243641
0.007119316
0.3386127
-0.288116
-0.259141
-0.3075148
0.04818191
0.3539539
-0.006808663
-0.2584701
0.6062873
-0.4564066
-0.2263869
0.1643506
0.06553055
-0.1957711
-0.02539688
-0.08040898
-0.100318
-0.182585
-0.09263158
-0.2832222
-0.368073
-0.4796905
-0.2023589
-0.121755
-0.09968676
0.2283147
-0.02440109
-0.06893484
0.1399897
0.4099907
0.1038534
-0.04953008
-0.1483578
-0.1330954
-0.3908174
-0.5573006
-0.2882292
-0.6524656
-0.2481634
-0.01171489
-0.04830588
0.03245129
-0.07447681
-0.3451832
0.06049979
0.06925824
-0.08696531
-0.2603139
-0.3322289
0.1377675
-0.4489626
-0.04070216
-0.1685765
-0.1311688
-0.2231925
-0.1597748
0.346543
0.05134373
-0.3156085
-0.3144121
0.02392136
0.301873
0.1007175
0.12569
-0.05415723
0.1714944
-0.3795566
-0.426521
-0.03486296
-0.05114977
0.302936
-0.1789628
-0.1565432
-0.3975366
-0.005550519
-0.2148864
-0.2449995
-0.1895963
-0.05631245
-0.05746835
0.04243541
0.1330214
-0.2211926
0.2323808
0.0523182
-0.1809797
-0.155038
-0.1118674
-0.2724911
-0.1350804
-0.1984876
0.0007175197
0.04496963
-0.2422004
-0.3916655
-0.4094483
-0.250658
-0.1148
-0.1948163
-0.2922596
-0.4890602
-0.1308791
-0.01416846
-0.3066758
-0.08207919
0.3591152
-0.4129672
-0.2368474
-0.1971358
0.137022
-0.1828861
-0.09916105
-0.3013733
-0.2969524
-0.1981753
-0.3965771
-0.4259952
-0.1744858
-0.1249649
-0.03914439
-0.1840429
0.02011617
-0.1420411
-0.03761947
-0.1532769
-0.1371048
-0.3229397
-0.2984634
-0.2171145
-0.4935205
-0.07292105
0.3021467
-0.1196558
-0.2592209
0.1751705
-0.1311122
-0.3088818
-0.2862913
-0.3331793
-0.1098382
-0.2242677
-0.1944611
-0.3861076
-0.3617598
-0.3787905
-0.0871738
-0.06907712
-0.2407811
0.1703585
0.1609485
0.09181639
0.2302311
0.01329634
0.02441884
-0.5066464
0.2409788
-0.1683666
-0.1971027
-0.06372739
-0.1788524
-0.1802274
-0.4619534
-0.2236333
-0.5762325
-0.04433597
-0.1533456
-0.2645872
-0.09442714
-0.3136321
-0.3733182
0.3813181
0.2082321
0.385958
0.3924875
0.3178117
0.3589676
0.3189704
0.02002781
0.04467383
0.005357834
-0.6362629
-0.2424729
-0.4687257
-0.4955123
-0.0784983
-0.0659434
-0.03887357
0.4158272
-0.144309
0.02617028
-0.4407233
0.210925
-0.2020924
-0.02963373
0.03561869
0.09373132
0.2759571
-0.1037837
-0.2174832
-0.2935175
-0.3134008
-0.2895748
-0.2114867
-0.3130179
-0.1484686
-0.2996432
0.2970988
-0.2166922
-0.04762748
-0.2426631
0.2812357
0.2578464
0.1198961
-0.3292388
-0.1620844
0.03042969
-0.3679264
-0.1725998
-0.3198653
0.3107143
-0.2684342
-0.05378917
0.261247
0.5086044
0.02537776
-0.3032404
-0.2794637
-0.06268824
-0.05200615
-0.1101603
-0.2977082
0.1077317
0.07252127
-0.1642342
0.1247969
0.07854312
-0.01379835
-0.07976979
-0.2317086
-0.1172602
0.2059073
-0.07102782
-0.1934636
-0.1137628
-0.3433228
0.1205064
-0.3969103
0.05426843
-0.02819981
-0.1143911
0.01465805
-0.06091585
-0.2082983
-0.3405775
-0.2944585
-0.3329638
-0.1823366
-0.007498346
-0.1606638
-0.4926596
-0.293645
-0.002706812
0.3335818
-0.04169743
0.2723459
0.211699
-0.5648896
-0.4677963
-0.1033976
0.1039422
-0.1980226
0.4456115
-0.2973226
-0.2545129
-0.2391881
0.01962947
-0.1836947
-0.1429812
-0.1118339
-0.2934321
0.1112338
-0.0860004
0.09515307
0.12786
0.1623352
0.1045595
0.1667889
0.1625257
-0.2570471
0.1072242
0.1887346
0.06973402
-0.2816548
-0.1437095
-0.297704
0.273523
0.1598757
0.4260345
0.1340233
0.2871736
0.3382178
0.3768748
0.3968169
-0.4680244
-0.2321794
-0.4213389
-0.1561767
-0.176575
0.01409872
0.2069746
-0.2135151
-0.03517819
-0.3455542
0.00190928
-0.0641964
0.02648961
-0.4725624
-0.09296741
-0.3784476
-0.3541615
-0.06154712
-0.2773287
-0.439328
-0.2200714
0.06696192
0.1237969
0.3707607
-0.2318967
-0.4685883
0.1358749
0.2828373
0.006218982
0.02179907
-0.05921498
-0.1601181
0.01591108
-0.1896691
-0.01319674
0.1567404
0.2281914
0.3659515
-0.182071
0.03427473
-0.03114631
-0.05644293
-0.3759719
-0.1639055
0.07372093
0.02604991
-0.2895955
-0.3757487
0.01011113
0.170685
-0.04314485
0.1751089
-0.2914264
-0.2413766
-0.1577415
-0.2390683
-0.276879
-0.2139946
-0.2264495
-0.3533347
0.02424681
0.05745715
-0.2565373
-0.1474643
0.02218612
-0.08214477
0.1810575
-0.3741989
-0.2385688
-0.2770273
-0.2255438
-0.3252083
-0.158181
-0.1064824
-0.1715174
0.4543803
-0.3310637
-0.1518442
0.405526
0.1033601
0.3218203
-0.2629894
-0.3356298
-0.3362031
-0.2348914
-0.1191519
-0.07581322
-0.1795477
0.2078964
-0.397661
-0.2201819
-0.1248187
0.09936726
0.06882541
0.1029243
-0.0467955
-0.06107565
-0.2954612
-0.4591718
-0.3916017
-0.1443725
0.4332332
0.4402978
-0.2602841
-0.4580367
0.2757843
-0.3429126
0.4530235
0.4244516
0.2886048
0.08816001
0.4174328
0.2468368
0.1563416
0.5225559
0.02844118
0.03010532
-0.04278165
-0.4190287
-0.09934444
-0.1471024
-0.3623721
-0.1195774
-0.2594202
-0.08133963
-0.2534768
-0.07222872
0.04715937
-0.06527135
-0.2363531
-0.296687
-0.2747714
-0.2923038
-0.09506487
-0.2452679
0.3991559
0.2402433
-0.1706846
-0.1623018
-0.02512596
-0.3819108
-0.1863891
-0.2150084
-0.2826904
-0.4193207
-0.04182186
0.03473907
-0.3273904
-0.2253793
-0.3129454
-0.2964753
-0.3847068
0.01595638
-0.3992483
-0.1858394
-0.01480823
-0.1543465
0.2061551
-0.03950395
0.3835888
0.2129628
0.3196711
-0.30332
0.3151002
-0.2523406
-0.297775
-0.2679871
-0.04044955
-0.2399267
0.20794
0.1220889
0.08114786
-0.3202442
-0.1193494
-0.3486696
-0.05287174
-0.2023475
-0.3603327
-0.3256873
-0.103483
-0.2163243
-0.2764018
0.236369
0.2209475
-0.3120252
0.02928507
-0.1814584
0.02353618
0.05625327
0.3735228
0.2204889
-0.4616131
-0.1799632
0.03941393
-0.2296335
-0.4643691
-0.2308292
-0.610081
0.4696999
0.3325897
0.07969208
0.1637183
-0.3952702
-0.3031712
-0.4529885
0.006481586
-0.1539708
0.006325915
-0.05678318
0.05284553
0.01145422
-0.2138382
-0.05960756
-0.2774918
-0.2191171
-0.296707
0.3132273
-0.2970551
-0.3126771
-0.3732107
0.1550308
0.05624168
0.2065253
0.08364222
-0.2537973
-0.07135855
