0.08059626
-0.1273971
-0.2114231
-0.01700585
-0.173281
-0.2733935
0.4750309
-0.05451987
0.3929945
-0.459554
-0.1259935
0.6559244
0.2693398
-0.08597461
-0.1600945
-0.390497
-0.5082132
0.6198823
-0.2611409
0.3786077
0.04944184
0.1631539
0.1749036
-0.169039
-0.1768128
0.1003358
0.4091022
-0.5831073
-0.05377785
-0.2791819
0.1100978
0.192497
0.0659932
-0.03259825
0.2209009
0.008537756
-0.05777863
-0.3742229
-0.217011
-0.186247
-0.09636304
-0.08221344
-0.2766575
-0.07866469
-0.3180133
0.2911515
0.1596
-0.2090552
-0.303735
0.3165482
-0.1279919
0.0001199234
0.2326513
0.1274539
-0.4754679
-0.1968521
-0.2912534
-0.131074
-0.05720047
-0.1597702
-0.6414048
0.04872122
0.190883
0.1099085
0.1217507
-0.3857693
-0.4624528
-0.1063771
-0.4479254
0.01163503
-0.4063281
0.01199196
0.02353703
0.1086044
0.0701434
0.02987092
-0.05091041
-0.2516845
-0.007370985
-0.3711093
-0.352991
-0.1963619
0.3695765
0.2029483
-0.3650168
0.384368
-0.4358928
-0.2413321
-0.1456164
-0.4205185
0.2307417
-0.6508058
-0.5476925
-0.3367484
-0.2470154
-0.372616
-0.377871
0.2139063
-0.1157455
0.6013437
0.5536497
0.5853214
0.4351953
-0.1773183
0.04370174
0.0415036
-0.153642
-0.06537404
0.1633741
0.2574621
0.08102956
-0.1640012
-0.01921549
-0.4424946
-0.6361962
0.03957053
-0.682984
0.06306682
0.2218088
0.3836547
-0.3478417
0.2229162
-0.315304
0.1558344
-0.3366262
-0.4150413
0.1220594
0.2524257
-0.0658927
-0.223861
-0.2130711
0.1791633
-0.2994492
0.439526
-0.2809432
-0.4646223
0.271457
-0.575137
0.4010315
-0.5412746
-0.06628559
-0.4643205
0.3468384
-0.294167
0.2029138
0.7670927
0.7597419
0.3163412
0.3592181
-0.2113921
-0.6093931
-0.4697378
-0.4662884
0.2903216
0.499923
0.01710947
0.14234
0.08797147
-0.2100295
-0.03435135
0.05805272
0.3451076
-0.3392009
-0.1499031
-0.5038559
-0.2598808
-0.3549795
-0.5080526
-0.2368679
0.4534675
-0.1037944
-0.1864784
0.3559415
0.1557608
0.06250079
-0.2596975
0.1819806
-0.5082339
-0.081749
-0.1235103
-0.3881871
-0.3949509
-0.5110808
0.1298064
0.2435332
-0.241499
-0.01081607
-0.5931311
-0.2801083
0.3509973
0.3253739
-0.1206795
-0.1341451
0.03744265
0.08707742
-0.101822
-0.2781566
-0.4258723
-0.0225237
-0.1959944
-0.05405495
-0.1632869
-0.2970023
-0.5359399
-0.3345141
-0.1898667
-0.193667
0.01824507
-0.5313043
-0.1407103
-0.1478816
0.1165495
0.1132659
0.2352873
0.2039592
0.02786306
0.09219563
-0.5277577
-0.1446644
-0.5544782
-0.2558092
-0.2554468
-0.4582779
-0.4523889
-0.2571048
-0.2495174
-0.3334895
0.1999838
-0.08321038
-0.5395126
-0.4422431
-0.5145705
-0.3236989
0.04156022
0.1953421
-0.2410875
-0.06794342
-0.3565259
-0.4806557
-0.01677167
0.0803441
-0.1483238
0.1061592
-0.1839676
-0.5823253
-0.2933209
0.05205049
0.1141878
0.1660253
-0.2016606
-0.1344813
-0.2463487
-0.7287253
-0.1981275
-0.01928696
-0.2066853
-0.06155435
-0.04511642
-0.316255
-0.4164797
0.04455427
-0.2654818
0.08129856
-0.2755938
-0.07068836
0.007241836
-0.5011089
-0.4363134
-0.3767762
0.2659092
-0.3924591
-0.2429349
-0.3960578
0.04963633
-0.1153944
-0.3628517
-0.4229954
0.1243647
-0.5412134
-0.07400709
-0.2094821
0.01110983
-0.3556041
-0.4152837
-0.2262356
-0.06734885
-0.4348772
-0.2078148
-0.5582164
0.02688626
-0.2756526
-0.5091627
-0.4378815
-0.08650016
0.1337676
-0.4031767
-0.6924033
-0.2634177
-0.2124851
-0.3534695
-0.3353877
0.2821826
0.15671
-0.4064858
-0.2945816
0.0134305
0.1578454
0.3917533
0.3210166
0.2360449
0.007939421
0.5284786
0.03540609
-0.4063005
0.4172343
0.3368113
-0.09283945
-0.2826085
-0.3164536
0.07958905
-0.1956389
-0.04697476
0.2426299
0.1271383
-0.3449638
0.2416631
-0.1830476
0.001945001
0.1300411
0.3548075
0.3368725
0.1445745
-0.3149119
0.3517096
0.6849227
-0.004051929
0.3017299
0.2626747
0.445146
0.3210407
-0.2031882
-0.2763524
-0.2598244
-0.5921743
-0.4867029
0.02162886
-0.1472402
-0.1743606
-0.01312701
-0.08553309
-0.05478601
0.003237941
-0.4608816
-0.3542723
-0.7075359
0.02194913
0.2732577
0.154897
0.04515647
-0.2163414
-0.2645168
-0.3304736
0.3978154
-0.1071839
0.4875939
0.03805133
0.4929326
0.517476
-0.1914413
-0.396
0.001839306
-0.1383163
-0.326664
-0.09223773
-0.2108846
-0.5474127
0.04334835
-0.2308102
-0.302645
-0.1440065
-0.4562557
0.1256291
-0.7005487
0.1147004
-0.3287083
-0.3082766
-0.283171
-0.2741147
-0.5378674
-0.1918683
-0.6046545
-0.1601864
-0.5603953
0.1916023
-0.3251891
0.08716869
-0.2520586
0.4293621
-0.4193071
-0.3025207
0.02226042
-0.3075615
-0.4848601
-0.4420356
-0.0007554979
-0.5179915
-0.4596022
0.06155654
0.2291399
-0.2996198
0.5257688
0.2592211
-0.5290334
0.09577145
0.07729074
-0.0777577
-0.5386701
0.05335523
-0.112203
-0.3286525
-0.3814795
-0.523734
-0.2572968
-0.2660383
-0.1297899
-0.4437124
-0.3076109
-0.5307752
0.01443965
-0.102149
-0.1827397
0.1032404
-0.2312722
0.2296756
-0.08406172
-0.3272095
-0.4416862
0.1464053
-0.5903459
-0.3231504
-0.2177915
-0.3913868
-0.2263679
-0.3487936
-0.2891982
-0.3791911
-0.1375685
-0.07725888
0.01837278
-0.1716735
-0.338444
0.1150223
-0.3311369
-0.1775161
-0.358892
-0.4199208
0.751512
0.3770971
-0.1454053
-0.5336581
0.04323422
-0.1784971
0.0732774
-0.3293
-0.4578319
0.3424889
0.3169373
-0.09215146
-0.1211492
-0.606493
-0.5792234
0.02229689
-0.2817641
0.4486576
-0.1368434
0.1774017
0.2192788
0.2486059
-0.2254577
-0.08472829
0.110897
-0.3170773
0.2018393
-0.5399646
-0.3333295
-0.4383472
0.023876
0.4370071
-0.2551572
-0.5232725
0.02293806
0.187176
-0.1973829
-0.06660926
0.2943761
-0.3324723
0.05000344
0.1969292
-0.10432
0.2572648
0.228736
-0.2944346
0.2532986
0.09157192
0.07825944
0.118653
0.262612
0.3783224
0.3919795
0.2141134
-0.2944383
0.2184433
0.387124
-0.07486288
0.0107693
-0.1314686
0.3771003
0.001521941
0.009277522
-0.2520983
-0.4572489
-0.2917003
0.05366423
-0.08615305
-0.2245848
-0.03778975
-0.2712924
-0.2348161
-0.6017175
0.06722136
-0.1909827
-0.2960515
-0.2004558
-0.2850511
-0.4642229
-0.372582
-0.2543987
0.3735518
-0.1689053
0.1748424
0.3487236
-0.0713552
0.3689055
0.4509745
0.4598837
0.5317736
-0.4808774
-0.3469989
-0.3760775
0.3634324
0.4227459
-0.1365813
-0.2712879
0.003119423
-0.1070747
0.2691172
0.6085701
-0.2887344
-0.3188547
-0.1680364
0.03705323
0.4226058
0.05247153
0.1249608
-0.05237097
0.1821657
-0.3323216
-0.3106758
-0.1558173
0.1016668
-0.3278238
-0.256739
-0.0692587
0.03457128
0.1150289
0.09296069
0.178482
-0.04548845
-0.11109
-0.133842
-0.236757
-0.5633567
-0.4117299
-0.004424914
-0.3967382
0.01352548
0.09754548
-0.1194868
0.04842306
0.04392129
-0.2207614
-0.0849548
-0.3100078
-0.474381
-0.1326545
-0.1883675
-0.04892519
-0.1924767
-0.1046506
-0.2104483
0.249602
-0.338511
-0.1010568
-0.2199158
0.1817363
-0.3440341
-0.2757626
-0.06392085
-0.2065163
-0.2230561
-0.1611064
0.1939238
0.07359622
0.3860127
0.3223555
-0.4324064
0.7322676
-0.3595965
-0.4187678
-0.4651285
0.2711394
0.2684351
-0.30028
-0.1918332
0.2404148
-0.2340663
-0.03153279
-0.0322624
0.02017926
-0.3553481
-0.3618322
-0.2049248
-0.398147
-0.339734
0.2521841
-0.3357104
-0.2523233
0.005328048
-0.3046758
-0.4200071
-0.3049887
-0.2369502
-0.3229515
-0.2537832
-0.5700466
-0.2262954
-0.5253995
-0.1854239
-0.3212155
-0.2107077
-0.3003643
-0.1798724
-0.01336737
-0.1277254
-0.2314727
-0.582024
-0.1972857
-0.07080926
0.02385389
-0.07524712
-0.1015525
0.3575033
0.1280131
-0.1934808
-0.1814915
-0.2719869
-0.03715131
-0.3200088
-0.1541632
-0.08883945
0.02603737
0.3117465
-0.3430184
0.1717729
-0.4688264
-0.3815774
-0.3158243
-0.4366277
0.132211
0.2617778
-0.4563259
-0.3883497
-0.4058027
0.2122374
-0.00655843
0.06169179
-0.1539725
0.3533889
0.1340175
0.04598619
-0.06099535
-0.3718814
-0.3307465
0.2609856
0.7456428
0.04823827
0.1513986
-0.5077654
0.09916263
-0.05024488
0.1176486
-0.1838243
0.7709652
0.1492063
-0.2416982
-0.3844454
-0.008734804
0.0955128
-0.601482
-0.3527417
-0.3066272
0.02409136
-0.01918087
0.1979342
-0.2976529
-0.2853286
-0.1589107
0.2734294
0.5523108
0.3161513
-0.06146913
0.178252
-0.5355238
-0.4283137
-0.4207317
-0.2274374
-0.1453993
-0.2037845
-0.2645163
-0.3824546
0.1595431
0.06683769
-0.578163
-0.2132906
-0.2564971
0.3228943
-0.2192796
-0.3597175
0.771112
-0.3460288
-0.05642893
-0.3866977
-0.1580605
-0.3375439
-0.2708468
0.006301755
0.01495227
-0.411189
0.03956654
0.1739707
-0.05196097
0.1050627
-0.09716339
-0.4102149
-0.3619424
-0.5111464
-0.1866829
-0.238838
-0.2511408
-0.5914673
-0.04339449
-0.3015888
-0.1698856
-0.04801228
-0.4008669
0.08030398
-0.5252638
0.005152517
-0.6730279
-0.32224
-0.5105573
-0.325022
0.004939806
0.04000388
-0.2945744
-0.113002
0.004455936
-0.08464021
-0.1992206
0.1230691
-0.03418044
-0.4250953
-0.3422013
-0.3383047
-0.4578982
-0.1040698
-0.223452
-0.1424926
-0.2604797
0.04689817
-0.07005683
0.06343082
-0.4600265
-0.5210676
-0.5369548
-0.07930449
-0.4577816
-0.3916993
-0.188051
-0.2824493
-0.2440045
0.4301803
-0.4263587
-0.7811233
0.05790354
0.03797563
-0.2057214
-0.5000923
-0.1482303
-0.2396354
0.06753147
-0.257544
-0.01143273
-0.2306191
-0.2063609
-0.1014984
-0.3483324
-0.2413222
-0.3597751
-0.1880673
-0.4328943
-0.1287558
-0.6845974
-0.2747743
-0.158488
-0.067017
0.04612485
-0.3648744
-0.03179688
-0.08039352
-0.3170783
-0.09656789
-0.1416898
-0.1222343
0.333012
-0.0953027
-0.3697078
-0.01418095
0.5063512
-0.7366667
0.07708726
0.2347211
0.1983772
0.5311684
0.2813705
-0.5887397
-0.1824962
-0.04784102
-0.3742667
-0.08750007
0.453985
-0.1081933
-0.08236625
-0.2176357
-0.7879113
-0.1571667
-0.2875152
0.1527799
-0.1071356
-0.337997
-0.08462629
-0.01933254
-0.251132
-0.1125071
0.1619899
-0.2391581
-0.2595515
-0.3061678
0.2770765
-0.07845785
0.08445339
0.02325668
-0.1326092
-0.01920969
-0.5297868
-0.3025466
0.3548044
-0.04729357
0.2321122
-0.2488236
-0.4412016
0.4346478
-0.03462993
-0.1152495
-0.1393603
0.213106
0.01532676
-0.2367322
-0.1348518
-0.3858811
-0.2294394
-0.01944341
-0.2921164
-0.75983
0.02395251
0.06165271
-0.3074842
-0.1483189
-0.1627699
-0.4255833
-0.2721914
-0.1985899
-0.2813253
-0.3962903
-0.3157028
-0.3442171
-0.2563049
-0.1888883
-0.117119
-0.7061911
0.3170224
-0.2875485
-0.09664062
0.02155627
0.4511478
-0.5149099
-0.03274951
0.005390717
0.2054526
-0.2617934
-0.2424689
-0.3914361
0.285452
-0.1130261
-0.1106599
-0.1090786
-0.3819144
-0.2265035
-0.5199446
-0.3852488
-0.5901718
0.03569562
-0.3802636
0.1139069
0.3647323
0.3624416
0.06724021
0.2749711
-0.1179215
-0.002344211
0.4391485
0.5992349
-0.4076474
0.1049118
-0.4577292
-0.0273284
-0.2287705
-0.1972268
-0.1227686
-0.4415856
-0.431728
-0.2546654
-0.07256362
-0.4548973
-0.1727439
-0.002572955
-0.1413906
0.095298
-0.215054
-0.02988849
0.02318287
0.3409156
-0.5758792
0.03881099
0.3220806
-0.4173321
-0.2058965
-0.227851
-0.3631438
0.190835
-0.1667609
-0.0005250332
-0.3546052
-0.164711
-0.03521177
-0.1917779
-0.00360164
-0.2147312
-0.1299624
0.2021653
0.5152917
-0.3318271
-0.1433563
-0.04289165
-0.1783116
-0.2234643
-0.2570501
-0.09716145
-0.09855389
-0.5624982
-0.3239253
0.03893396
0.1133437
0.05880789
-0.3069238
0.1410969
-0.3402133
0.02345812
-0.1688823
0.103127
-0.1732598
-0.04051603
0.1145809
0.1399115
-0.1481537
-0.3446025
-0.2222709
-0.1743226
-0.4124465
-0.2770316
-0.3963218
0.4116277
-0.5407374
-0.3372003
-0.3709072
-0.3307397
-0.3025509
-0.1687425
0.1647102
-0.4593739
-0.4632454
-0.3793546
-0.2601841
-0.5790173
-0.2782176
-0.5731378
-0.5034049
-0.486244
0.04210873
-0.1138144
-0.1612852
-0.005691785
-0.2045812
-0.3423983
-0.4266039
-0.198012
-0.2638941
0.2024403
0.009871281
-0.4479902
-0.1162726
0.2812595
-0.4535664
-0.05069864
-0.543601
0.05067159
-0.3149568
-0.2155616
-0.23426
-0.1339619
-0.3434311
-0.2970008
-0.4260042
-0.4041513
-0.468164
-0.2039074
-0.3819509
-0.3405797
-0.3578772
-0.2990052
-0.2736342
-0.7669266
-0.7691292
0.3141768
0.01668502
-0.3688569
-0.1825108
-0.4302543
-0.3278859
-0.6619244
-0.4587819
-0.05245136
-0.4538216
-0.1643593
0.04056761
-0.5870669
-0.09969967
-0.4583743
-0.5192868
-0.07509418
-0.272419
-0.1564646
-0.3948813
-0.1525117
-0.1567413
-0.2206592
-0.4409224
-0.4555232
-0.3875795
-0.4041355
0.07239991
-0.1590773
-0.5065956
-0.5942851
-0.1186188
-0.2898088
-0.205931
0.1011728
0.06997621
-0.5134424
-0.6472791
0.289661
0.150834
0.02190175
-0.5125455
0.06592656
0.1041515
-0.3136026
-0.4790862
-0.429113
-0.4471865
-0.4195747
-0.216699
-0.1942884
-0.214082
-0.0251203
0.3181089
-0.5471017
-0.5728537
-0.2757852
-0.3465981
-0.3466106
-0.4006292
-0.4658864
0.03266927
-0.2589701
-0.3580113
0.2900229
-0.3921543
0.04620436
-0.4358395
-0.1942187
-0.2513888
-0.4759368
-0.3608179
-0.1484282
-0.5252482
-0.3072779
-0.4133434
-0.0935854
-0.04429018
0.425854
-0.5138088
0.02475104
0.1181357
-0.04220875
-0.4908573
-0.1010126
-0.2009252
-0.4466039
-0.1409422
-0.2968355
-0.04498398
-0.2854537
-0.2073401
-0.5306751
-0.2012711
-0.168723
-0.3783593
-0.3636143
-0.1467022
-0.6094378
-0.322336
-0.471238
0.1943563
-0.09239544
0.3276363
0.08685635
-0.269792
-0.4731818
-0.2891922
-0.3466435
-0.349622
-0.1077415
0.03176532
0.007205171
-0.05141589
-0.1870081
0.03648176
-0.4791871
-0.6483018
0.1115246
-0.2104965
-0.04177185
-0.3365573
-0.01181629
-0.4692069
-0.1117338
-0.1790977
-0.07858713
-0.2178971
-0.2743215
-0.02829467
-0.09239421
0.4481018
-0.08600712
-0.02922259
0.3262996
-0.02621328
-0.2199952
-0.3869024
0.3544306
-0.355069
-0.373477
-0.3125858
-0.568793
-0.2495066
-0.08025844
-0.4624517
-0.08535996
0.1045692
0.3210365
0.06341781
-0.5943352
0.456678
-0.145672
0.3781062
-0.3079629
-0.06689355
0.1556263
-0.5273036
-0.08591392
-0.2559943
-0.373657
-0.04525888
-0.4418283
-0.6458456
-0.3851113
-0.4342662
-0.1581314
0.6449529
0.9043023
-0.5656301
-0.3102605
-0.2793786
-0.2484168
-0.3373045
-0.08080286
-0.3148908
-0.4277799
-0.2413458
-0.1479261
-0.5481106
0.06740933
-0.3304968
0.05767465
-0.1193357
-0.03202496
-0.1271349
-0.2522995
-0.5364259
0.2604909
-0.2598435
-0.18243
-0.2415342
-0.5800624
-0.3624485
-0.4640757
-0.328047
-0.5003417
-0.3878466
0.3502273
0.3489314
-0.09082263
0.6868873
0.5750395
-0.03037126
0.2501354
-0.2353204
-0.2466548
-0.2703935
-0.4418356
-0.3126092
-0.4480577
0.210472
-0.2597904
0.04617496
-0.4623891
-0.1043792
-0.2654474
-0.1315102
0.02898215
-0.2005717
-0.6504853
-0.3792936
0.4508219
-0.4874286
-0.2937978
-0.3533915
-0.2196653
-0.02824335
0.004509246
-0.4299815
-0.1348114
-0.4428278
-0.2721162
-0.4873063
-0.4609065
-0.4632868
-0.006007178
-0.5989203
-0.454697
0.1715929
-0.20636
0.06723905
-0.004085236
0.07083465
-0.1328076
-0.2686737
-0.05754756
-0.2458379
-0.2125152
0.8297792
0.01646702
-0.6098298
0.4213353
-0.07026285
-0.150382
-0.4669007
-0.3401163
-0.2552177
-0.3421291
-0.5426269
-0.1784502
-0.2147015
-0.5973296
-0.1778527
-0.305953
-0.1798347
-0.3475313
-0.5665443
-0.1273562
-0.0002607398
0.1153341
-0.6249391
-0.1618116
-0.04775083
-0.3292453
-0.1122664
-0.2263703
0.1946451
-0.1711499
-0.1807372
-0.3405931
0.2038786
-0.4270629
0.05881756
0.160359
0.4519267
0.4263591
-0.3369765
-0.1561047
-0.5612735
0.5634135
-0.2677909
-0.2186892
-0.1866669
-0.316581
0.168364
0.05443672
0.07157549
-0.4807828
-0.4809472
-0.0963322
-0.3816682
-0.2285722
-0.4581931
-0.3653241
-0.5356425
-0.1683601
-0.2533329
-0.1662692
-0.1063379
-0.1026513
0.510716
0.04388242
0.1360328
0.2339442
-0.4047247
-0.04986143
-0.3371769
-0.2979404
-0.02857184
-0.2138004
-0.09862957
0.4994544
-0.3136741
0.4774375
-0.3221085
-0.4389015
-0.08678122
0.01588124
-0.1201474
-0.06742978
-0.539652
-0.2628419
0.3611677
-0.3612943
-0.2496553
-0.4100459
-0.3435655
-0.3000104
-0.2647273
-0.3986621
-0.1312673
-0.2936666
-0.3431489
-0.4836164
-0.1938926
-0.5089605
-0.2964052
-0.01129428
-0.1432713
0.2171636
-0.09669713
-0.05240509
0.2171148
0.1091227
-0.2644543
-0.402986
-0.3014285
-0.1306807
-0.1593954
-0.1066751
-0.1571312
-0.1697574
-0.3007149
0.03873167
-0.3170784
0.3001463
-0.09870159
-0.4249933
-0.238341
-0.2708529
-0.05295778
0.05821595
-0.2393255
-0.4288685
-0.3432964
-0.08129145
0.09189822
-0.3614414
-0.1474569
-0.2192642
-0.3658032
-0.2711613
-0.1018104
-0.07261445
-0.2322343
-0.3212648
-0.2810199
-0.3116614
-0.1426178
0.03565784
-0.4514033
-0.2560164
-0.2016449
-0.5121103
-0.3393666
-0.3775048
-0.1975012
-0.3614157
0.02899822
-0.2533465
-0.5192335
-0.5217383
-0.4073822
-0.2481917
-0.5687619
-0.3123648
-0.1756475
-0.1981958
0.03630032
-0.3938952
-0.3214307
0.4460125
-0.2841885
-0.249152
-0.2865452
-0.3461115
-0.2775871
-0.4484924
0.3938501
-0.513875
-0.5769507
0.2344555
0.1305524
-0.01156172
0.1358419
0.1677591
0.04317375
0.09448693
0.00491104
0.4136074
-0.3364139
0.1000359
-0.2327504
-0.005024528
-0.07449503
-0.01583107
0.04582956
-0.01022865
-0.1202743
-0.2808737
-0.008042292
0.3595376
-0.08520961
0.04840588
0.0938636
0.09671152
-0.0454083
0.0474349
-0.1671022
-0.5008314
0.0881024
-0.03526163
-0.4391357
-0.5628258
0.113763
-0.5136411
-0.4486647
-0.3481423
-0.09523639
0.05457068
-0.1705026
-0.2358042
-0.2138644
0.07865
-0.1860561
0.2450086
-0.3561876
-0.5842894
-0.07096175
-0.5413725
-0.6028483
-0.5341451
-0.4666593
0.0130994
0.06912613
-0.05693851
-0.2808061
-0.4833904
-0.2012668
-0.4863236
0.06953875
-0.4384309
-0.1902875
0.04572437
0.366514
-0.5218385
-0.2031863
-0.6014248
-0.400675
0.1575147
-0.01006372
-0.3597171
-0.6261574
-0.3911213
-0.2902437
-0.3019869
-0.3067723
-0.1751089
-0.2202098
0.09384078
-0.06522734
-0.1827999
-0.07717073
-0.2976779
-0.4820796
-0.3014408
-0.1398201
-0.2057427
-0.01407772
-0.2845053
-0.4516444
-0.2037189
0.008010833
-0.3849744
0.3656173
-0.1928943
-0.337417
-0.0228812
-0.1497294
0.12729
0.3392902
-0.3121536
0.1765303
-0.01616501
-0.3075285
-0.3524774
-0.1082089
-0.0778093
-0.006898067
0.2974587
0.1113818
0.1080162
-0.2139912
-0.2652413
0.2307489
-0.292373
-0.4276675
-0.3449322
-0.2552973
-0.04359377
-0.3463634
-0.6417832
-0.2268586
-0.00412591
-0.1043367
0.7426593
-0.03759006
0.132089
-0.06295678
-0.334974
-0.2724026
-0.1487684
-0.08573305
0.03157086
0.007058063
-0.1101952
-0.1727823
-0.2478927
-0.499795
-0.07991858
-0.03139959
-0.2133173
-0.1759957
0.3734635
-0.02269915
-0.2158761
-0.05919947
-0.008631609
-0.118608
-0.3838107
-0.4431881
-0.01469872
0.7957788
-0.3369765
0.09188343
-0.4215346
-0.3142869
-0.4114985
-0.1809271
-0.3771181
-0.04790102
-0.3149781
-0.4690904
-0.6909463
-0.5049458
-0.3107746
0.397677
-0.1628005
-0.393357
0.3511741
0.3065431
-0.05328361
-0.1876028
-0.2497449
0.07497139
0.07382585
-0.2934406
0.02422527
-0.4686181
-0.4642498
-0.3567515
-0.01485133
-0.6085767
-0.03791062
-0.01002722
-0.4457061
-0.4630209
-0.2708011
-0.1780757
-0.2287281
-0.4230044
-0.2912655
-0.4959344
-0.3389886
-0.2112171
0.447812
-0.3600727
-0.1272001
-0.4625822
-0.2518552
-0.4821089
-0.3457945
0.2941921
0.2248022
0.3272265
-0.004179048
0.1698982
0.2277477
0.2482728
0.3457073
0.2522648
0.1617098
0.3151849
0.1866145
0.07676666
0.1641686
-0.2622201
-0.3172226
-0.3607603
-0.06802868
-0.3653193
0.5690022
0.6199685
-0.1499791
-0.2162542
-0.2737872
-0.3759822
-0.4457275
-0.04222389
-0.3470834
-0.3324528
-0.09443842
-0.08506488
0.02792248
-0.02132149
-0.2826694
0.1932752
-0.3168592
-0.2131379
-0.08026288
0.2045578
-0.1498697
-0.2969991
0.198701
-0.2658741
-0.5772761
-0.2666215
0.5393607
-0.6312614
-0.07662715
-0.3179881
-0.4024753
-0.2349796
0.06845022
0.2108231
-0.3769161
-0.03271233
0.3217675
-0.05651563
-0.2819948
-0.1855761
0.4663801
0.1951979
0.06844942
-0.3334069
0.1287744
0.1806866
-0.4623188
-0.1927856
-0.3542625
-0.1193579
-0.02237779
0.02527838
-0.2285682
-0.225674
-0.3423353
-0.007191009
-0.3302634
-0.2232865
0.1755282
0.31912
-0.1546837
-0.6411403
-0.08580704
-0.2736408
0.3966969
-0.5805352
0.4102735
-0.6720632
-0.245535
-0.1166266
-0.01024576
-0.4267171
-0.05558837
-0.2786046
0.08483517
0.04980616
-0.249178
0.1453606
0.4973605
0.3154307
0.4913749
-0.4036585
-0.2537797
0.1241584
0.07405193
-0.08188577
0.2495948
-0.05274941
-0.4473681
-0.1679278
-0.09993335
-0.1860575
0.2859456
-0.1688894
-0.3557803
-0.2469958
-0.209718
-0.1578011
-0.4959359
-0.3017018
0.05615818
0.1970674
0.2060569
-0.1149676
-0.06086711
-0.2569896
-0.1152752
0.2462519
-0.1694034
-0.05442059
0.0968886
-0.322304
0.3785524
-0.3046813
-0.1086122
0.186624
-0.5886118
-0.4116378
0.2225672
-0.1524337
-0.05421191
-0.461243
-0.01023191
-0.07380622
-0.2891039
-0.01790499
-0.06169062
-0.05373527
-0.2714985
-0.03728892
-0.1928759
-0.6350365
-0.1543808
0.3788987
0.3162304
-0.06816878
-0.4541136
0.1223938
-0.3001802
-0.4367424
-0.2639612
-0.2299457
-0.1597372
-0.2285436
-0.1899056
-0.2136946
-0.5016191
-0.2070137
-0.4784545
-0.4855081
-0.1373923
-0.1562108
-0.2167712
-0.3046381
0.02217064
0.4238994
0.176637
-0.1098384
-0.07234483
-0.2898753
-0.5194859
-0.1074139
0.4773016
0.5473385
-0.2448265
-0.2954402
0.1740375
0.1412331
0.07392699
0.2099854
0.1784168
-0.07045725
0.2354749
0.4573894
-0.4156965
-0.1138076
-0.3144064
-0.293875
0.1379388
-0.1933833
0.2658717
0.1810445
-0.1517971
0.07364855
0.3585702
0.4500807
0.2095085
-0.0227068
0.5204918
-0.2196391
-0.5232946
-0.1903475
-0.5648163
-0.07549856
0.006238172
-0.1488698
-0.3549494
-0.3010034
-0.3702808
-0.4876887
-0.4097799
-0.042866
-0.1494073
-0.213916
-0.1287193
-0.4542354
0.5925796
0.177583
-0.1202345
-0.1679043
-0.2692225
-0.3909212
0.2645255
-0.2316779
-0.3345403
-0.2962367
-0.3379253
-0.344658
-0.2106159
-0.3624405
0.1418333
-0.1932987
0.2656976
-0.1540278
-0.04820393
0.3125854
-0.3272227
-0.2317693
-0.1803593
-0.3553029
-0.3704637
0.1374336
-0.7124397
-0.4309415
0.5934242
-0.3440898
0.199915
-0.2626628
-0.3987156
-0.3556044
-0.05640806
-0.5244424
0.1362642
-0.2458663
0.02455181
-0.07575853
-0.08198477
-0.1182074
-0.2223368
-0.16341
-0.02027077
0.6177413
-0.4813306
0.01346841
0.5783986
0.227377
-0.1767088
-0.06900791
0.3132812
-0.2384035
-0.02701452
-0.01384424
-0.4184259
-0.5106994
-0.02546443
-0.5334225
-0.3281055
-0.4986765
-0.303973
-0.1799276
-0.5410389
-0.1314131
-0.05504287
-0.1002973
0.02985956
-0.3174966
0.1284765
0.06205392
-0.4287138
-0.5432543
-0.2008579
-0.1260885
-0.4844941
0.207463
-0.1163521
-0.2370044
0.0167326
-0.2333164
-0.1160921
-0.2314452
-0.6084724
0.03288951
0.1271947
-0.2050548
-0.2827411
-0.1368534
0.1375957
-0.1510606
0.09392882
0.03366657
-0.3686066
0.1707339
0.3319014
-0.1621654
0.4968446
-0.1820601
0.08604733
-0.08032079
0.03143111
-0.08021885
0.01234658
-0.4528323
-0.2549744
0.02619568
-0.4988339
0.1084934
-0.3396606
-0.1716951
0.2281018
-0.3384246
-0.08779515
-0.03102868
-0.03082474
-0.2439418
0.04163063
0.1177283
0.3738373
0.2108882
0.1803092
-0.04400895
-0.1162845
-0.3380842
0.2042225
-0.1272809
-0.008674528
0.07967841
-0.06046817
-0.1128735
0.06574401
-0.5784817
-0.2357986
-0.0581848
-0.3965898
-0.4837303
-0.3448875
-0.006966069
-0.08843595
-0.5002247
-0.349023
-0.1988207
-0.2230149
-0.3813414
-0.3389836
-0.2903464
-0.4146548
0.07805358
0.1466825
-0.05833884
0.1621491
0.0958154
-0.1736352
-0.2563467
-0.1151076
-0.3836752
-0.4202542
-0.4666689
-0.3233492
0.2378665
-0.2598389
-0.3117208
-0.2742359
0.8524996
0.3248925
-0.09296465
-0.3255842
0.03293304
-0.5170542
-0.2103774
0.1046441
-0.168385
0.02061301
-0.2634971
-0.3527677
-0.2742462
-0.5746286
-0.03648415
0.05574599
0.5686068
0.2871616
-0.5257401
-0.001644267
-0.427079
-0.3512265
0.2068839
-0.4236154
-0.4795317
-0.3639183
-0.09265061
-0.008190422
-0.6554092
0.1835011
-0.319387
-0.3749766
-0.1759137
0.1169468
-0.08813885
-0.161753
-0.4312299
-0.15253
-0.1367215
-0.1447294
-0.507195
-0.4363388
-0.1937075
-0.6240971
0.1728198
0.09833109
-0.3387239
-0.4019891
-0.03442897
-0.08965146
-0.2345002
-0.1225219
-0.1475939
-0.1859369
-0.4997403
-0.5255081
0.007908937
-0.1302263
-0.1324673
-0.3383302
-0.2005263
-0.2143778
-0.4713988
0.3203482
0.2145771
0.4355601
-0.2503035
0.08181274
-0.460151
0.05431121
-0.05762562
-0.1253498
0.1402523
-0.3828872
-0.1309292
0.006174955
-0.5097168
-0.3476769
-0.4364813
-0.4309052
0.4665327
0.2604719
-0.1511631
0.003698948
-0.3562169
0.1209235
-0.5097441
-0.02947825
0.07922058
-0.2869748
-0.0234262
0.1760699
-0.5883611
0.3026556
0.320993
0.1056324
-0.1729086
-0.2040547
0.1333349
0.1030345
-0.5303695
0.1782753
0.1725952
-0.2361148
0.1219105
-0.3632062
0.07851094
-0.1862966
-0.1819825
-0.281983
0.06152018
0.7486172
0.712162
-0.3484897
-0.5721855
-0.4826241
-0.3974216
-0.327928
-0.2229182
0.6214853
-0.2892597
0.3152959
0.2815362
0.5113227
0.2046073
-0.008508414
0.06314113
-0.0877633
0.1756102
-0.02510318
0.03405746
-0.7619162
-0.08386634
-0.02595873
-0.2436804
0.276802
-0.1169753
0.3255069
-0.02398375
0.2207814
0.01472426
-0.4396647
-0.07334772
-0.1216783
0.2640746
-0.3158379
-0.2607382
-0.6507057
0.116988
-0.1756035
0.07552593
-0.02801592
-0.2870297
-0.3721485
-0.08611116
-0.3515031
-0.3368641
-0.4439139
-0.3643764
-0.1844125
0.1437675
-0.0109739
0.01488597
-0.3468871
-0.1453589
-0.3225415
0.3723336
0.1749622
0.1671167
0.2588156
-0.3104165
-0.1117255
-0.1314007
-0.07959721
0.1055222
-0.3078273
-0.2712983
-0.4696457
0.2587982
-0.1457355
0.1559463
-0.104491
-0.07364122
0.1754578
-0.3074795
-0.1311937
0.2169859
-0.2993232
-0.5194233
0.1809384
0.2455911
0.1791589
-0.06679218
-0.1022168
-0.5235795
-0.5326342
0.1160331
0.2230589
0.06543944
-0.4609887
-0.52775
0.2366889
-0.3074188
0.3397288
-0.1387923
0.07121491
-0.1949388
-0.0103724
0.02967283
-0.1480594
-0.1696472
-0.1555992
-0.4036529
-0.5670421
-0.1742247
0.09991529
-0.1231341
-0.0215272
0.7202707
-0.4445256
0.4463157
-0.3509857
-0.08280867
-0.04933395
-0.3003098
-0.1502153
-0.1762812
-0.1109116
0.1607952
-0.2720524
0.03469146
-0.021727
0.01364772
-0.3108389
-0.4915303
0.06666123
-0.2361386
-0.2303756
-0.1433869
-0.006576084
0.1937721
-0.4327437
0.1804595
0.4528083
0.374029
0.1726983
-0.4331973
-0.3775716
-0.1561632
0.05774895
-0.2409826
-0.1838173
0.1474822
0.005125567
-0.07355752
-0.4447441
-0.5498988
-0.2597391
-0.2335788
-0.1658267
-0.2469525
-0.04975289
0.1825172
-0.2865365
0.2740681
-0.01981938
-0.1972552
0.1707943
0.07393007
0.05071718
-0.1751688
-0.1407588
0.07300048
-0.17095
0.1555256
-0.1070457
0.04290745
-0.2428656
-0.1703249
-0.3774879
-0.1255692
0.0001825858
-0.4228672
-0.3156404
0.03736221
-0.2690289
-0.5990364
-0.2430296
-0.2035716
-0.378524
-0.08573222
-0.2255232
-0.06901875
0.04121182
-0.2487981
-0.006447358
0.5191046
-0.4986418
0.6194516
0.6000022
0.1348054
0.3844568
0.5011907
0.3963315
0.04253375
0.2863833
0.2190621
0.2295708
-0.1258787
0.3978093
-0.1749543
0.0432594
0.2346006
-0.4582486
0.2718916
-0.5088334
0.5984028
0.4842157
0.0614182
0.2271733
-0.1113079
-0.2072659
0.2023585
-0.01627608
-0.3489216
-0.3392954
-0.4324627
-0.1670186
-0.1156036
0.206405
0.1962362
-0.05951075
-0.1764814
-0.08329238
0.004098887
-0.1908548
-0.3265482
-0.4319877
-0.1567453
-0.0836404
-0.1325382
0.2500191
0.3121589
-0.3336648
-0.2576629
-0.0855145
0.1418269
0.1018692
0.1272026
-0.4202984
-0.0005474117
0.3554421
0.7859079
0.553169
-0.5319553
0.224983
-0.1761153
0.02646567
0.4239997
-0.06114038
0.3839872
-0.4576433
-0.2920185
-0.04749905
-0.3735456
-0.340386
0.1703547
-0.1179797
0.009254854
-0.2647847
-0.2168032
0.0863543
0.4309196
-0.3315122
-0.05002649
0.392177
0.4178861
-0.06013306
-0.09815695
0.2157156
-0.3665099
0.3000747
-0.2615633
-0.1817376
-0.1590008
-0.1434123
-0.4327147
-0.2435232
-0.2945442
-0.4493463
-0.3217431
-0.12013
-0.007716309
-0.3038002
-0.1576437
-0.3139509
0.4093877
0.2407814
0.4407385
0.4683922
0.2243374
0.1594903
0.09517266
0.6528063
0.4004241
0.4731296
0.5395267
0.546105
0.4545966
0.3785495
0.493787
0.4248093
0.3877893
0.5816146
0.3993016
0.5288293
0.7249404
0.4489549
0.2583573
0.6423644
0.5689973
0.6971546
0.6967014
0.414673
-0.2288108
-0.5174358
-0.4175757
-0.4100047
-0.5370833
-0.5104607
-0.4708717
-0.1805431
0.1935783
0.8048005
0.7050747
0.3916415
0.6333126
-0.2959865
-0.5114718
-0.01866389
0.4253582
-0.1025839
0.5671802
-0.3581102
-0.3812976
-0.3777799
0.1471961
-0.2114976
-0.3361401
-0.1121261
-0.1799945
0.2965516
-0.441882
-0.03471027
-0.3334921
-0.2065514
0.2658623
0.1321034
0.4329765
0.1612346
0.2177932
-0.07272836
0.4242813
-0.03923133
0.2237121
-0.1643691
-0.01419046
-0.2481426
-0.2719242
-0.0496691
-0.07252377
-0.1748541
-0.1870012
-0.1501645
-0.2216626
-0.5396626
0.2727362
-0.1285344
0.02350127
-0.2509303
0.1272417
-0.2643958
-0.0005244812
-0.6941232
-0.4665462
-0.6783082
-0.5057639
0.09849663
-0.3162488
-0.1686821
-0.2202981
-0.2120083
0.2164673
-0.6761617
0.4139578
-0.1765159
0.2474406
-0.01697286
0.2222645
-0.02917437
0.2318269
-0.3008187
-0.5447025
-0.4562358
-0.6930821
0.2225207
0.352382
-0.1655499
0.1864659
-0.1154883
-0.4960976
-0.1181734
-0.1817422
-0.268038
-0.05293751
0.07034042
0.140808
-0.1663982
0.131132
-0.3137344
0.08695051
0.01778122
-0.3544547
0.1317002
-0.05471668
-0.05900344
0.1666294
-0.04180024
-0.5517191
-0.5090042
-0.04146756
-0.6048835
-0.2049272
-0.01767964
-0.04352757
0.07742508
0.09186832
-0.1408451
0.01612225
-0.03721789
0.1238888
0.1089073
-0.2183451
0.2343571
0.361099
-0.0694955
-0.02578777
0.1169712
-0.311526
-0.1335103
-0.4023617
0.06813895
-0.09937562
-0.08818564
0.004607956
-0.03843719
-0.4870773
-0.5147769
-0.1557187
0.1156087
0.076396
0.001902946
-0.1503001
-0.1002038
0.01501935
-0.3149938
-0.3242891
-0.1769881
-0.2075848
-0.1085038
0.1498343
-0.4574253
0.374739
-0.1342649
-0.2467161
0.3045036
0.2342031
0.2217024
-0.1413706
-0.2972085
-0.06304607
-0.02036543
-0.3304626
0.2616233
-0.3470329
-0.3187778
-0.01245374
0.3190284
-0.355465
0.009812032
-0.2617718
-0.1070319
0.0007782755
-0.3503652
-0.4989793
0.1583787
-0.1645399
0.09084625
-0.01467832
-0.1116765
-0.1851777
0.0578506
0.04255356
-0.4534128
-0.2270128
-0.1086917
-0.03886262
-0.3389844
0.07906099
0.01123796
0.214864
-0.02549083
0.3491188
0.0707712
0.1017487
-0.5770705
-0.4239152
-0.5375842
-0.1975329
0.3669512
-0.2552995
2.671847e-05
0.7431831
0.4291246
0.3817598
-0.2605018
-0.5030235
-0.4497826
0.03540585
-0.5744234
-0.1979177
-0.5952664
-0.3932659
-0.06823736
-0.5030009
-0.3079936
0.03920736
-0.1962181
0.07367221
-0.01066096
-0.113618
-0.1698182
-0.2180441
-0.2910911
-0.5314011
-0.4196205
-0.4274673
-0.0700208
0.1365191
-0.04995616
-0.3768788
-0.2660094
-0.3013877
-0.4353843
-0.2814468
0.4611938
0.2589995
-0.1957858
0.1467507
0.03785297
-0.3825505
0.06638806
-0.1706822
0.06218714
-0.06238652
0.4103813
0.005192372
0.1229252
0.4823429
0.007229197
-0.04642391
0.1881445
0.1665559
0.37308
-0.1513963
-0.05346618
-0.2671854
-0.4270338
0.6418608
0.4882224
-0.2491725
0.188182
0.06970115
-0.06005387
0.2044366
-0.1753073
-0.5764001
-0.07695098
0.4257637
0.07924129
-0.03770953
-0.01779146
0.005514061
0.1487862
-0.2261809
-0.01800263
-0.04484791
-0.6027792
-0.3612018
-0.4467586
-0.5659149
-0.2542029
0.2249631
-0.4278993
-0.2345399
-0.07364429
0.01436411
-0.03847301
-0.1821973
0.1431322
-0.3468606
-0.4794712
-0.3231176
-0.4602197
-0.1826196
-0.1698311
-0.1046114
-0.5023686
-0.1584664
0.08373162
0.2456268
-0.5077687
-0.3542158
-0.2674718
0.07785524
0.02720634
-0.3493301
-0.5212513
-0.2702582
0.1196859
-0.4172952
0.4221217
-0.4206027
0.2053847
-0.03650736
0.614873
-0.3710579
0.4315845
-0.03104877
0.2311369
-0.2583704
-0.3882767
-0.2662422
-0.4766129
0.04229465
0.2427405
0.07735662
-0.1556444
-0.1441327
-0.103005
-0.5816844
-0.438288
0.2485362
0.3691725
0.2363575
0.2375896
0.4668126
0.3523692
0.2200446
0.2977525
0.5960993
0.23524
0.6194381
0.03946222
0.3038896
0.4940638
0.2030507
-0.4280349
-0.138152
0.1627179
0.01896602
-0.1345452
0.1682193
-0.3579525
-0.1862066
-0.2801557
-0.2701639
0.007078218
0.01852058
0.2567455
-0.05647428
-0.190267
-0.5510162
0.06124928
-0.3562427
0.2806502
0.2744841
0.124794
-0.1842774
0.430211
0.246401
-0.05091356
-0.1451673
0.0810391
0.4206907
0.4011212
-0.1637637
-0.2745613
-0.2406476
-0.04855632
0.05774747
0.1365841
-0.5213836
0.09601594
-0.3802783
-0.3984722
-0.0155529
0.008358483
-0.06213257
-0.3051324
0.1121196
0.009876256
-0.02146107
-0.6067565
-0.1230721
0.07080994
0.2305776
0.1078827
-0.2066871
-0.2425648
-0.07895795
-0.2023705
0.08685743
-0.5240854
0.1951146
-0.2840208
-0.3386809
0.03223496
-0.04957496
-0.2028297
-0.4023598
-0.3061443
0.005573354
0.004606655
-0.5240992
0.1737671
-0.1217153
0.3956513
-0.1293402
0.03972669
-0.05899814
-0.3072495
-0.05563798
-0.1527392
0.04999263
-0.3277036
-0.2546885
-0.1126512
-0.1743683
0.09539201
0.2562746
0.2731846
-0.4283166
-0.1967053
-0.2248181
0.003413784
-0.4665597
0.3754854
0.06483602
0.03988388
0.01353242
0.05927254
-0.1350905
-0.263478
0.5253083
0.5720776
-0.4674797
-0.345229
-0.4875257
0.04365269
0.09765639
0.1104054
0.0492624
-0.08513845
-0.2920157
-0.4702624
-0.2601297
-0.285454
-0.2971964
-0.4010646
0.08958073
0.01110784
0.171438
0.2309726
-0.4377441
-0.5487821
-0.2130533
0.02338209
-0.02581045
-0.0266224
-0.002120488
-0.04414959
-0.2508789
-0.6148015
-0.4446333
-0.2022324
0.5826532
-0.3925809
-0.5236099
0.03058067
0.002576859
-0.6968111
0.5869464
0.1186407
-0.4525285
0.7135419
-0.3725688
-0.5276582
0.2116897
0.2710677
-0.03516403
0.06871369
0.01068083
-0.2326201
0.4397441
0.2057477
-0.1751183
-0.3141772
-0.09481414
0.6540365
-0.01151359
0.0863648
-0.1208011
0.1466507
0.03102292
0.3437143
-0.2654619
-0.3112202
0.2556787
-0.07228652
0.1028095
0.1565434
0.1310714
-0.03617253
-0.3512883
-0.3351912
-0.2385703
0.1019492
0.1943829
-0.2611976
-0.1342292
-0.1313562
0.0791224
0.03839602
0.02429389
-0.3177161
0.1608973
-0.07212861
-0.2427152
-0.4120752
0.7712788
0.05111169
0.4323908
0.7124688
0.7569912
0.5466603
0.9392534
0.5717695
0.6457908
-0.3761284
-0.2332061
-0.1913042
-0.3619015
-0.3724111
0.02914014
-0.3136443
-0.3906206
0.07139238
-0.3024953
-0.1936382
0.5818708
-0.3311973
-0.3819918
-0.3912874
-0.2223131
0.2461964
0.3195252
-0.4995751
-0.1657372
-0.01090552
0.2708358
-0.1850839
-0.3942013
0.1573271
-0.1506951
0.1898659
-0.1307059
-0.323256
0.08604768
0.4165238
-0.1606144
-0.08916643
-0.34625
-0.1018486
-0.118559
0.1015785
0.1641677
0.009079823
0.3637733
0.1062285
0.424224
-0.0338949
-0.4690848
-0.4687176
0.1178885
-0.1956416
0.04753553
-0.2267472
-0.001743472
-0.214299
-0.1110534
-0.1853568
-0.2790849
0.1347022
-0.08365207
-0.2576817
-0.2475483
-0.3101504
-0.094629
0.1409349
0.4578475
-0.1853301
-0.1849563
-0.4601577
0.2538162
-0.007203385
0.1958472
-0.4109211
0.1606987
0.129314
-0.0770675
-0.1055911
-0.03422339
-0.3935151
-0.4062634
-0.3890513
0.1198172
-0.1854852
0.2421142
-0.3719114
-0.3791429
-0.04032378
0.1914039
-0.3912012
-0.0456869
0.007659488
-0.4256165
-0.08539574
-0.3972583
-0.1920952
0.1055815
-0.1895351
0.1202928
0.1601718
-0.08517462
0.0350393
0.1218485
0.08422536
0.1104414
0.06260152
0.08007958
0.1243295
-0.3929952
0.425459
-0.6799981
-0.4591499
-0.05882338
-0.1434372
-0.4835828
-0.2702911
-0.1756181
-0.08363644
0.1846416
-0.228167
-0.152123
-0.3654421
-0.4557679
0.326424
0.211281
-0.2185572
-0.4401442
-0.1700572
0.09440513
-0.2696989
0.4356817
0.362342
-0.1446404
-0.3214629
-0.2244395
0.4571941
0.5380926
-0.3333772
-0.5828617
0.2721127
0.7823021
0.01631607
-0.251443
-0.2461574
0.5771393
0.1581624
0.01602346
-0.2217495
-0.1263215
0.3648541
0.08998217
0.3932334
0.4168372
-0.2051965
-0.376692
-0.4490956
-0.2990721
-0.08868404
0.219047
0.09616548
0.04458447
-0.4168903
-0.2912391
-0.4399648
-0.2282717
-0.1972331
-0.5795395
0.1563632
-0.09957286
0.2242452
0.3702212
-0.3371883
0.5455906
0.2163519
0.1305052
-0.1195678
-0.2763266
-0.1451215
-0.5359881
-0.5873086
-0.1359212
0.2998564
0.2647352
0.1597206
0.3309371
0.324746
0.1027975
0.03844175
0.5670001
0.5285954
0.7466152
-0.4444675
0.4168301
-0.1077719
0.2503462
-0.3495109
0.01032062
-0.3120948
-0.183518
0.07056598
-0.2393087
-0.1064315
0.1229672
-0.2504624
-0.05127555
-0.03223691
-0.4858927
-0.5584642
0.6166706
-0.0667681
-0.2328787
-0.3388332
-0.4472997
0.2395005
0.1152231
0.07618633
-0.009454557
-0.03860069
0.3138701
-0.1880495
-0.03273835
-0.2010578
-0.2058982
0.5187106
-0.07044568
0.1537962
-0.3325988
-0.2738192
-0.0270746
0.1391239
-0.3765638
0.5018382
-0.1593585
0.1203835
-0.04519712
0.1345577
-0.5129065
-0.2212866
-0.1047569
-0.1651861
-0.2692414
-0.1447455
-0.03486705
0.1946544
-0.1083187
-0.1610957
-0.3103809
-0.4046543
-0.03951492
-0.4584878
-0.4309051
-0.3821367
-0.384157
-0.1456892
-0.08173682
-0.4523483
-0.2581929
-0.6127207
-0.1344635
0.08484491
-0.503605
0.1966544
0.5392473
0.3345051
-0.1161317
-0.2369567
0.09640383
-0.2666895
-0.3144804
-0.4638408
-0.3590749
-0.008012007
-0.4249953
-0.3114882
-0.3449401
-0.5599521
-0.1747522
0.2072545
0.06194869
-0.3429281
0.1321216
-0.02330979
0.423705
-0.04364765
-0.06870575
-0.3954587
-0.3722503
0.04275573
-0.03305306
0.04065804
-0.2168847
-0.3768997
-0.5018484
-0.3016082
-0.5637858
-0.02090781
-0.3598602
-0.290588
-0.01658049
0.3788537
0.2601728
-0.2076286
-0.45861
-0.2502553
-0.3077041
-0.0395177
0.5295285
0.2711802
0.474911
0.5702009
-0.4543448
-0.1158315
-0.07281266
0.09084914
-0.02335781
-0.06205991
0.4049978
-0.2447587
-0.2996277
-0.2274907
-0.1657805
0.02461088
-0.2457268
-0.5629451
-0.4133358
-0.5791031
0.3370512
-0.6692678
-0.2813965
-0.06866109
-0.2470282
-0.3431172
-0.2123118
-0.2646599
-0.1277533
0.05208604
-0.1294932
-0.4299963
0.2670369
0.2652988
0.2277189
0.0823388
-0.007865623
-0.08887049
-0.3469107
-0.1909506
-0.4118698
-0.3756475
-0.2373035
0.2274888
-0.2374547
-0.06692076
0.4346291
0.1085938
-0.2494167
-0.04690284
0.08160019
-0.03172839
-0.02681219
-0.26342
-0.1021741
0.1621315
-0.2167837
0.2730218
0.3209236
0.2135104
0.1490371
0.0850096
-0.06103626
0.003728425
0.2793565
-0.09228696
-0.2028309
-0.1090428
-0.121309
0.2150496
-0.09303264
-0.2773466
0.2173023
-0.4148243
-0.1188674
-0.3003478
0.1682376
-0.003516503
-0.06456054
-0.1505879
-0.2327694
-0.47835
0.04728126
0.1485472
-0.1904661
-0.200659
-0.1965676
-0.1546982
-0.2780555
-0.2401842
-0.189515
-0.1479975
-0.2298545
-0.36462
0.4951805
0.1621532
-0.01743031
-0.3861213
-0.1236452
-0.135435
0.07607112
0.06730106
0.1743712
0.4425456
0.4660279
0.433878
-0.071598
-0.06167835
-0.2507706
-0.02175402
-0.03707666
-0.202077
-0.0201867
-0.3221181
-0.2793453
0.09335095
0.338707
-0.02311213
0.06245532
0.4367388
0.05846706
-0.4163249
-0.07252147
-0.1489836
-0.4410415
-0.3101141
0.1182403
-0.2060005
-0.2098513
-0.3033296
-0.2698546
-0.1568166
-0.06247236
-0.3181253
0.05731419
-0.1001192
-0.192904
0.02896235
-0.01869935
0.1360027
0.4420844
0.3485304
0.05591874
-0.5337662
-0.345925
-0.101087
-0.2808905
-0.1842754
-0.3882189
-0.2635332
-0.1969915
-0.2614924
0.08914172
-0.2989119
-0.1434555
-0.4832331
-0.4931211
-0.3357087
-0.1256153
-0.2401224
-0.338331
-0.2781078
-0.1457612
0.05235459
-0.2902181
-0.0970199
0.043746
-0.06663784
-0.4168868
-0.0230691
-0.1559769
-0.3473319
-0.3896423
-0.1285189
-0.03384204
-0.3566318
-0.2765582
-0.3452201
-0.1059159
-0.001826984
-0.2563588
0.3324831
-0.05802307
-0.3731874
0.07209843
-0.0416408
0.1276021
-0.3288369
-0.1595663
0.05159259
-0.1905225
0.1610216
0.1450568
-0.2452647
-0.4535534
-0.159895
-0.3737498
-0.1542428
-0.1432306
-0.2019557
-0.1215456
-0.2388588
-0.2035796
0.06925213
-0.237899
0.4399455
0.4038045
0.4301052
0.1930663
0.1488816
0.1283761
-0.01910778
0.1437426
-0.1296262
-0.2244379
-0.2158439
0.1688122
-0.1041371
-0.05242011
0.3557175
0.4032514
0.1461293
-0.1323537
0.08311385
0.1182948
0.2453878
0.2112856
0.1179335
-0.1308585
-0.1050759
-0.1067326
0.1793103
0.03484563
-0.04934606
-0.241806
-0.1068574
0.02030033
-0.4236663
-0.02010354
0.06884101
-0.2262777
-0.1753217
0.07975971
-0.2631129
-0.03613902
-0.1562513
0.1084016
-0.2792644
-0.1938222
-0.4248505
-0.01258195
-0.103493
-0.1207166
-0.4244135
0.02382707
-0.4161458
-0.2901876
-0.3050946
-0.2326054
-0.3849174
-0.3640412
0.0702196
-0.4847817
0.09520934
-0.1110158
0.2549973
0.2704308
-0.1697193
-0.05366573
0.3087048
0.001458542
0.2242214
0.1913553
0.3277563
0.01188377
0.3449231
-0.2911675
-0.2659097
-0.3234629
0.04869923
0.3584553
-0.01354682
-0.2562182
0.6231662
-0.471816
-0.2336394
0.1686128
0.070654
-0.1894962
-0.0286672
-0.0917904
-0.0962377
-0.1832409
-0.08851685
-0.2878524
-0.3790606
-0.4903158
-0.209504
-0.1138574
-0.1127728
0.2500758
-0.0310382
-0.07173295
0.1427288
0.4175487
0.1086751
-0.04424368
-0.152661
-0.1419537
-0.4030218
-0.5716297
-0.2956867
-0.6593536
-0.2571417
-0.01003668
-0.04429323
0.02875698
-0.07476241
-0.3568587
0.06638002
0.06875123
-0.08893958
-0.2614257
-0.3383396
0.1407174
-0.4576356
-0.03593147
-0.1622489
-0.1344625
-0.2278307
-0.1734253
0.3507344
0.04740672
-0.3196276
-0.3216488
0.02492507
0.3131344
0.09651018
0.1329591
-0.05654838
0.171053
-0.3895024
-0.4363622
-0.0439691
-0.05214749
0.3074845
-0.1772206
-0.1602503
-0.4140967
-0.009831085
-0.2213589
-0.2505634
-0.1872779
-0.05473891
-0.05462125
0.04258074
0.139275
-0.2348935
0.2335017
0.05644779
-0.1882688
-0.1631584
-0.112127
-0.28368
-0.1352333
-0.2013938
-0.002436752
0.04330466
-0.2506375
-0.3952118
-0.4139063
-0.2548912
-0.1176808
-0.1982933
-0.3011509
-0.4975532
-0.1368451
-0.01259959
-0.3128769
-0.08898682
0.3665213
-0.4205573
-0.2348668
-0.2121323
0.1405524
-0.1825211
-0.103997
-0.3033611
-0.301418
-0.1986843
-0.4023831
-0.4373703
-0.1794518
-0.1272305
-0.04249251
-0.1981836
0.02139799
-0.1527695
-0.03031282
-0.1547995
-0.1391232
-0.3263202
-0.3051721
-0.2203759
-0.5014169
-0.0838114
0.3134776
-0.1241938
-0.2664712
0.1833748
-0.1326367
-0.3134149
-0.2838267
-0.345636
-0.1144301
-0.2292501
-0.197815
-0.3916237
-0.3716534
-0.3961168
-0.09834342
-0.06984314
-0.246224
0.174682
0.1674003
0.0950435
0.2333469
0.01599084
0.02857193
-0.5193899
0.2439439
-0.1674997
-0.2002082
-0.06711841
-0.1773329
-0.1841533
-0.4654603
-0.2382957
-0.5841064
-0.03916388
-0.156885
-0.2813157
-0.08953707
-0.3127991
-0.3812359
0.3887916
0.2155001
0.3961166
0.4021492
0.3231033
0.3677864
0.3272612
0.02322162
0.04481401
0.00632696
-0.6411526
-0.2529234
-0.4787035
-0.5001557
-0.08085339
-0.07746734
-0.03318644
0.4224782
-0.1406823
0.02784453
-0.445566
0.2162208
-0.206602
-0.03007463
0.03327462
0.1007995
0.280912
-0.09654352
-0.2108117
-0.3072219
-0.3149402
-0.287168
-0.2126949
-0.31836
-0.1558745
-0.303123
0.3003769
-0.2217435
-0.04840083
-0.2418174
0.2879258
0.2643527
0.1272511
-0.33712
-0.164833
0.0311024
-0.3720699
-0.175731
-0.3232407
0.3209383
-0.2753643
-0.04214262
0.2675944
0.5202934
0.02771746
-0.3115147
-0.2845818
-0.07062479
-0.04952357
-0.111508
-0.3019802
0.1093392
0.07246836
-0.1652554
0.1283995
0.08119673
-0.009565838
-0.08719555
-0.2304297
-0.119726
0.2108115
-0.07322611
-0.2001
-0.1021671
-0.3606658
0.1228282
-0.4074317
0.05710663
-0.02753956
-0.1225768
0.01793003
-0.06211784
-0.2086398
-0.3535878
-0.300757
-0.3399146
-0.1836352
-0.01206944
-0.1600394
-0.5042587
-0.2915416
-9.429116e-05
0.3418524
-0.0394354
0.2778732
0.2212522
-0.5704532
-0.4701531
-0.1135982
0.1053094
-0.2070084
0.4539815
-0.2920942
-0.2597805
-0.2487127
0.01738754
-0.1894519
-0.1466687
-0.1113648
-0.3005365
0.1141341
-0.08914854
0.1002307
0.1325865
0.1683682
0.1061176
0.1712327
0.1691351
-0.2707564
0.1040256
0.1923324
0.07913788
-0.2933645
-0.1469768
-0.3003329
0.2830014
0.1637997
0.4333408
0.133888
0.2970822
0.3486218
0.3846278
0.4001221
-0.4747631
-0.2310746
-0.4269322
-0.1653254
-0.1818037
0.01622399
0.2171018
-0.2086088
-0.03419388
-0.3436554
0.002524323
-0.06281585
0.02626782
-0.4831919
-0.08715626
-0.3838959
-0.3622633
-0.06027015
-0.2880757
-0.4433223
-0.2221271
0.07399585
0.1262222
0.3789795
-0.2313741
-0.4669316
0.1406995
0.2902644
0.004250822
0.03148302
-0.05378481
-0.1659646
0.008036189
-0.2008597
-0.01416399
0.1631117
0.2335853
0.3729694
-0.1797763
0.02611042
-0.03851782
-0.05085834
-0.3796237
-0.1634653
0.0782101
0.0252416
-0.2826528
-0.3811186
0.0146972
0.1723018
-0.04437317
0.1756043
-0.2890262
-0.2455864
-0.1689705
-0.2458277
-0.293792
-0.215534
-0.2265121
-0.3603
0.0275484
0.05693885
-0.2640358
-0.1521273
0.02897021
-0.085439
0.1902987
-0.3824781
-0.2456565
-0.2848029
-0.2291624
-0.3317228
-0.1719462
-0.1018883
-0.1763359
0.4625408
-0.3414768
-0.1440065
0.4111455
0.1064739
0.3304263
-0.2790721
-0.340699
-0.3326525
-0.2431775
-0.1275108
-0.07400714
-0.1775552
0.2148355
-0.4046175
-0.2240794
-0.13578
0.1002717
0.07298421
0.1084932
-0.04696687
-0.06295938
-0.2946434
-0.4641633
-0.4036233
-0.1514575
0.4405662
0.4472716
-0.2548825
-0.4671307
0.2832973
-0.3505644
0.4623304
0.4319893
0.2944985
0.09165789
0.4272527
0.253645
0.1619857
0.5303567
0.02660005
0.0323778
-0.03761119
-0.4192636
-0.09842795
-0.1439815
-0.3710208
-0.1225919
-0.257737
-0.08048233
-0.2608512
-0.07328566
0.04658188
-0.06108649
-0.2453603
-0.2999758
-0.280816
-0.3017625
-0.08546466
-0.2554122
0.4073032
0.2511035
-0.1749903
-0.1696202
-0.0259111
-0.3916734
-0.1843841
-0.2181648
-0.2795618
-0.432807
-0.04197562
0.03529639
-0.3339827
-0.2307021
-0.316005
-0.3065052
-0.3976615
0.01423127
-0.4092423
-0.185604
-0.005665617
-0.1611065
0.2113148
-0.03652203
0.3927553
0.2242446
0.3262834
-0.3151655
0.3231217
-0.2538209
-0.3029302
-0.2718272
-0.04204243
-0.2545558
0.2156713
0.1280231
0.08535372
-0.3334096
-0.1132186
-0.3567227
-0.0518141
-0.2136789
-0.3714785
-0.3277848
-0.1051793
-0.2236018
-0.2825931
0.2423399
0.2311718
-0.3106019
0.03894211
-0.1828078
0.02552739
0.06009296
0.3801562
0.2226143
-0.4757706
-0.1804688
0.03737747
-0.2297561
-0.4732065
-0.2366192
-0.6242321
0.4767009
0.341774
0.08019211
0.168027
-0.4054457
-0.3019829
-0.4579726
0.00964855
-0.1533369
0.007755902
-0.0548284
0.05853093
0.01208898
-0.2135193
-0.06574302
-0.2899714
-0.2233276
-0.2993995
0.3183099
-0.3034833
-0.3115269
-0.3854886
0.1528034
0.06003106
0.2100254
0.09136307
-0.261154
-0.07469617
